0.000000 1103.216640 617.902080
0.010940 1131.171840 651.248640
0.024580 1132.933120 711.490560
0.031050 1110.364160 669.250560
0.040310 1076.346880 702.044160
0.044780 1076.531200 691.921920
0.051130 1068.953600 638.576640
0.057850 1060.413440 583.357440
0.067610 1059.409920 579.379200
0.071450 1039.892480 498.493440
0.078250 1025.105920 560.225280
0.084760 1025.064960 549.427200
0.091750 1065.758720 643.399680
0.104940 1058.160640 650.296320
0.118410 1135.165440 738.063360
0.120680 1106.944000 697.267200
0.125100 1106.554880 705.945600
0.131760 1080.053760 677.345280
0.138360 1056.153600 682.045440
0.145260 1057.996800 708.433920
0.151750 1021.419520 730.782720
0.165460 1008.373760 748.385280
0.171850 981.626880 816.675840
0.178750 995.389440 741.672960
0.185180 993.996800 729.323520
0.192030 1006.489600 716.375040
0.198890 999.567360 697.251840
0.209940 998.481920 694.041600
0.213900 1034.117120 686.853120
0.222190 1060.536320 627.409920
0.233790 1096.273920 658.790400
0.238780 1051.607040 663.183360
0.252400 1054.781440 737.341440
0.258910 1062.236160 668.728320
0.265700 1061.376000 655.825920
0.272460 1082.019840 665.978880
0.279020 1114.480640 664.504320
0.285710 1114.030080 651.893760
0.292600 1119.907840 660.710400
0.299100 995.942400 593.786880
0.305810 996.208640 603.448320
0.312690 1026.641920 629.913600
0.319210 1017.692160 660.879360
0.327790 1018.736640 664.381440
0.333320 1042.165760 267.832320
0.339270 1008.435200 272.532480
0.352940 1021.091840 343.649280
0.359280 962.621440 357.104640
0.366280 961.024000 342.036480
0.372830 961.986560 326.092800
0.379670 963.788800 288.599040
0.386200 964.259840 299.827200
0.393670 981.708800 277.816320
0.399650 1001.164800 305.710080
0.406500 1002.455040 321.269760
0.412980 1002.086400 380.113920
0.419790 1034.997760 429.864960
0.426370 1036.062720 444.779520
0.433110 1033.072640 471.982080
0.443450 1031.475200 479.646720
0.453160 983.449600 472.995840
0.459870 989.102080 449.633280
0.466540 988.876800 438.758400
0.473410 1032.683520 419.343360
0.479950 1029.734400 462.489600
0.487540 1028.628480 447.959040
0.493430 1023.303680 455.715840
0.500050 1005.731840 438.620160
0.506870 1004.687360 434.657280
0.513430 981.073920 462.013440
0.520190 960.430080 446.423040
0.526970 962.048000 460.938240
0.540230 968.744960 451.722240
0.550770 969.891840 455.884800
0.555600 934.830080 436.700160
0.560560 921.210880 450.554880
0.567050 918.446080 423.828480
0.573770 960.512000 334.848000
0.587130 953.384960 297.984000
0.593910 985.149440 262.809600
0.600660 932.331520 116.413440
0.607600 930.406400 98.350080
0.613990 942.653440 76.124160
0.620800 980.992000 133.263360
0.634040 1028.157440 164.290560
0.640860 1025.863680 225.377280
0.647490 1025.720320 237.573120
0.655760 1021.808640 245.729280
0.662200 1018.306560 265.282560
0.667540 1019.535360 282.147840
0.674220 1010.442240 314.649600
0.681120 1020.190720 294.236160
0.687690 1021.440000 311.270400
0.694370 987.115520 301.056000
0.701180 979.968000 296.463360
0.714440 976.896000 279.168000
0.721500 975.646720 270.643200
0.727860 975.872000 281.963520
0.734690 1028.997120 302.330880
0.747890 995.819520 278.906880
0.754790 1083.535360 359.362560
0.761310 1079.009280 389.130240
0.782160 1048.125440 332.282880
0.788120 1049.600000 332.881920
0.795180 1054.392320 343.004160
0.801480 1041.960960 316.108800
0.808390 1040.957440 300.380160
0.815610 1012.674560 326.707200
0.821570 976.506880 308.659200
0.834960 1017.876480 352.696320
0.841660 997.294080 367.733760
0.848540 998.625280 382.801920
0.855040 1110.384640 427.760640
0.861750 1116.938240 439.895040
0.868640 1118.208000 431.385600
0.877080 1092.055040 390.727680
0.881690 1076.695040 370.728960
0.888640 1075.118080 339.087360
0.895260 1068.380160 293.882880
0.901940 1089.863680 217.067520
0.909950 1088.593920 184.488960
0.915340 1124.597760 193.320960
0.922210 951.418880 180.848640
0.928710 951.705600 193.505280
0.935490 1018.531840 191.984640
0.942320 1022.873600 225.530880
0.948810 1024.061440 242.703360
0.955530 1041.059840 240.952320
0.962440 1066.577920 283.822080
0.968920 1067.417600 300.887040
0.975780 1128.509440 245.529600
0.983660 1131.683840 289.566720
0.989290 1132.400640 276.910080
0.995890 1080.381440 244.162560
1.002400 1017.630720 222.120960
1.009170 1016.340480 204.702720
1.016030 1022.013440 189.726720
1.022510 1036.103680 156.595200
1.029200 1035.120640 151.925760
1.036040 972.410880 184.304640
1.042630 984.043520 220.584960
1.049310 985.559040 237.788160
1.056170 976.424960 267.371520
1.062880 978.370560 288.675840
1.069420 979.619840 293.299200
1.076130 982.118400 280.104960
1.082970 962.396160 306.908160
1.089490 960.655360 290.119680
1.099250 984.535040 157.409280
1.102850 957.091840 168.714240
1.109600 955.351040 151.157760
1.116380 929.116160 174.443520
1.122990 1002.496000 152.140800
1.129950 1002.516480 164.674560
1.136370 1081.917440 228.572160
1.149810 1047.695360 244.485120
1.156540 1044.807680 327.260160
1.163290 1105.612800 286.894080
1.169770 1106.145280 303.943680
1.176560 1094.615040 327.613440
1.184110 1099.694080 348.165120
1.196650 1080.750080 317.460480
1.203370 1083.637760 328.197120
1.216600 1089.392640 306.370560
1.223440 1057.280000 281.978880
1.236840 1068.871680 244.008960
1.243600 1055.129600 328.765440
1.256990 1059.921920 304.634880
1.263650 1057.484800 270.044160
1.287400 998.031360 278.184960
1.297300 1025.966080 276.756480
1.304170 1062.973440 563.143680
1.320520 991.518720 1331.420160
1.502180 971.632640 124.185600
1.507470 941.424640 145.966080
1.512370 941.834240 157.962240
1.518920 969.461760 206.423040
1.524710 1030.553600 175.088640
1.533110 1031.495680 179.681280
1.538080 1124.208640 196.024320
1.544930 1106.595840 127.134720
1.558780 1090.764800 150.773760
1.565090 1078.599680 130.959360
1.571890 1078.353920 100.392960
1.578440 1055.436800 107.627520
1.585180 1046.016000 57.400320
1.592060 1044.684800 52.300800
1.598590 1032.007680 70.440960
1.606170 1033.256960 59.320320
1.618620 1027.973120 37.309440
1.625530 1025.515520 92.375040
1.632030 1026.723840 111.114240
1.655450 1015.808000 93.696000
1.657260 1015.705600 106.014720
1.660160 986.071040 252.979200
1.665560 987.115520 276.372480
1.672250 988.508160 292.239360
1.679020 1014.046720 198.743040
1.685700 970.977280 201.292800
1.692370 971.694080 192.199680
1.707210 1045.094400 201.907200
1.712710 1042.841600 180.449280
1.719420 1086.300160 333.895680
1.726010 1089.556480 319.964160
1.732810 1088.942080 305.018880
1.739250 1080.238080 298.460160
1.756560 1066.434560 291.486720
1.761280 1067.294720 308.505600
1.763590 1010.114560 308.305920
1.766350 1007.226880 338.641920
1.779400 978.124800 369.346560
1.786300 983.818240 352.220160
1.793410 984.207360 363.079680
1.799750 1035.571200 298.383360
1.806230 1010.667520 327.889920
1.813070 1011.773440 332.206080
1.826350 987.320320 357.626880
1.840100 966.676480 349.593600
1.853120 951.685120 279.229440
1.863320 981.217280 359.500800
1.869840 929.587200 318.673920
1.875260 930.160640 329.640960
1.881010 964.464640 356.136960
1.888640 1014.333440 404.736000
1.894300 1015.357440 408.744960
1.899930 954.163200 370.160640
1.906640 1037.639680 546.923520
1.920150 1054.883840 1132.892160
1.926730 1057.382400 1044.065280
1.934120 1056.481280 1034.296320
1.940370 998.850560 854.415360
1.946840 1026.293760 869.729280
1.960230 1069.608960 908.958720
1.966900 1114.583040 923.566080
1.973610 1114.173440 931.368960
1.980780 1028.669440 878.776320
1.987010 1069.158400 920.002560
1.993830 1070.305280 922.967040
2.000410 1061.683200 980.121600
2.007130 1101.127680 1023.851520
2.013810 1101.557760 1015.603200
2.020700 1042.862080 981.396480
2.028120 1073.664000 893.721600
2.033970 1071.882240 879.836160
2.040730 1061.601280 920.340480
2.047300 1106.800640 972.395520
2.060850 1065.738240 974.269440
2.080130 1080.422400 924.733440
2.082680 1090.211840 1010.334720
2.087340 1051.443200 922.521600
2.094220 1051.566080 913.766400
2.101140 1015.398400 949.831680
2.107620 1106.206720 895.411200
2.114470 1105.141760 892.431360
2.122290 1061.212160 885.872640
2.130660 1076.449280 953.041920
2.135470 1076.674560 944.716800
2.141420 1095.966720 978.969600
2.148220 987.955200 905.809920
2.154420 987.996160 914.257920
2.161420 855.756800 1197.926400
2.168630 837.365760 1106.534400
2.181450 869.642240 1061.498880
2.190670 997.089280 1068.441600
2.194520 998.338560 1071.144960
2.208010 948.674560 1075.630080
2.216970 946.810880 1065.262080
2.221630 858.726400 1159.480320
2.228190 882.135040 1088.087040
2.241730 938.659840 1056.491520
2.248260 944.701440 1003.238400
2.255020 945.192960 1011.102720
2.272680 908.288000 1056.890880
2.278010 909.783040 1059.594240
2.282820 958.955520 1077.027840
2.295050 932.392960 1087.964160
2.301720 954.347520 1043.496960
2.308840 915.230720 1147.883520
2.315460 914.534400 1140.710400
2.321880 934.727680 1075.169280
2.335320 908.718080 1144.135680
2.342140 990.760960 849.991680
2.348710 1052.078080 567.843840
2.357480 1050.972160 564.157440
2.369010 973.701120 251.427840
2.375540 974.950400 255.897600
2.382210 1014.968320 509.644800
2.389110 1007.001600 365.521920
2.395640 1007.144960 377.502720
2.410850 1044.193280 275.266560
2.422430 1053.163520 479.262720
2.429100 1052.549120 218.419200
2.436010 1053.511680 235.898880
2.442460 1026.211840 456.775680
2.458050 1028.096000 469.017600
2.462940 1011.322880 533.836800
2.471290 1034.219520 403.491840
2.482700 1047.326720 481.367040
2.489580 1073.356800 339.671040
2.502870 1052.282880 329.932800
2.511840 1076.879360 371.312640
2.519170 1076.101120 355.107840
2.522860 1070.919680 440.908800
2.529810 997.048320 270.151680
2.536300 995.840000 265.881600
2.549670 1095.045120 356.582400
2.556410 1095.659520 372.572160
2.563070 1094.901760 385.228800
2.570010 1083.248640 402.462720
2.583340 1016.606720 402.539520
2.590130 989.859840 424.980480
2.610000 1036.922880 430.248960
2.616760 1037.025280 418.544640
2.625320 1104.711680 454.871040
2.629900 1090.744320 493.132800
2.638990 1089.679360 489.216000
2.650060 1058.529280 480.568320
2.663530 1026.375680 471.644160
2.676920 1175.285760 565.816320
2.685100 1102.172160 974.914560
2.690380 1028.444160 900.956160
2.710400 999.628800 835.246080
2.724010 1041.285120 839.900160
2.744040 1012.776960 804.449280
2.750810 1022.136320 785.203200
2.757310 1022.177280 775.342080
2.770910 962.170880 699.648000
2.780210 961.208320 704.701440
2.789340 1081.692160 864.153600
2.793880 1025.269760 801.669120
2.804310 1101.332480 855.705600
2.810950 1064.181760 966.758400
2.817780 1065.103360 978.278400
3.011770 1907.896320 906.808320
3.018700 1365.319680 1364.643840
3.025190 1027.911680 921.692160
3.031920 976.465920 808.611840
3.038480 976.691200 817.136640
3.045170 1043.251200 806.983680
3.051890 1002.577920 802.636800
3.065160 1003.888640 805.754880
3.067300 1001.000960 757.877760
3.071950 1040.486400 767.324160
3.085390 1009.582080 688.281600
3.092180 1038.397440 736.634880
3.098750 1036.124160 721.459200
3.112310 1001.820160 686.376960
3.116020 997.724160 724.208640
3.126010 1016.565760 639.928320
3.132570 1068.687360 642.216960
3.139330 1069.527040 656.271360
3.145860 1023.221760 672.307200
3.159500 1013.555200 694.103040
3.168420 984.739840 776.263680
3.176320 1026.252800 748.584960
3.186170 1080.115200 738.063360
3.192760 998.113280 718.064640
3.212730 1026.600960 124.784640
3.219690 1026.785280 111.129600
3.226230 1024.716800 210.247680
3.233060 1044.930560 224.793600
3.239580 1043.456000 220.001280
3.247310 965.693440 177.177600
3.252950 1023.897600 135.521280
3.266380 1054.781440 216.437760
3.273050 1081.405440 241.735680
3.282420 1082.122240 259.169280
3.286630 1001.144320 259.537920
3.299850 1031.577600 329.487360
3.307650 1066.004480 342.144000
3.313460 1115.402240 260.198400
3.319960 1116.467200 264.499200
3.326720 1086.668800 275.496960
3.333540 1040.199680 263.915520
3.347010 1098.854400 252.579840
3.353440 1121.812480 142.202880
3.367030 1032.458240 117.934080
3.373550 1037.393920 299.028480
3.380320 1037.619200 286.371840
3.407220 1097.400320 149.790720
3.411030 1063.301120 206.146560
3.415150 1083.330560 208.757760
3.420420 1083.760640 195.932160
3.427290 1052.037120 98.488320
3.434710 1055.784960 149.038080
3.440520 1055.027200 173.629440
3.447400 1021.214720 157.962240
3.453900 1015.808000 152.140800
3.460600 1016.934400 156.672000
3.467450 1078.538240 187.468800
3.474020 983.695360 248.785920
3.481570 985.272320 266.634240
3.487560 970.444800 319.703040
3.495050 982.528000 302.868480
3.500960 980.848640 274.621440
3.507580 975.052800 192.353280
3.514170 951.091200 174.305280
3.520880 949.493760 169.344000
3.528200 949.514240 103.418880
3.534480 942.305280 87.429120
3.547710 939.499520 138.577920
3.554560 912.691200 102.036480
3.561070 914.288640 107.320320
3.567830 936.796160 116.029440
3.581160 903.966720 143.692800
3.588040 942.755840 115.584000
3.594560 962.826240 81.899520
3.608640 990.248960 150.420480
3.614500 991.989760 156.718080
3.621740 993.464320 174.935040
3.628040 997.416960 189.434880
3.634930 933.621760 161.495040
3.648180 890.101760 139.607040
3.655030 1010.114560 132.741120
3.668710 991.457280 103.127040
3.675080 918.384640 71.900160
3.688510 858.050560 115.660800
3.695000 996.515840 159.651840
3.708610 989.388800 113.157120
3.728580 917.360640 208.650240
3.735340 960.327680 96.291840
3.748640 996.331520 135.183360
3.755510 1000.304640 183.306240
3.768870 951.009280 230.999040
3.775570 906.526720 156.042240
3.782180 907.223040 167.930880
3.788720 942.366720 115.737600
3.795700 975.073280 193.505280
3.802190 976.261120 198.266880
3.815600 1015.767040 244.254720
3.819570 978.452480 256.112640
3.822740 978.800640 267.463680
3.828870 988.262400 245.145600
3.835690 979.824640 177.730560
3.842330 979.476480 165.672960
3.849230 965.713920 203.028480
3.862490 908.431360 218.342400
3.869370 941.670400 223.902720
3.875930 881.008640 155.642880
3.882500 878.776320 138.977280
3.889460 924.016640 155.857920
3.895970 1054.740480 156.057600
3.909550 919.347200 317.199360
3.915940 978.042880 602.158080
3.922750 978.513920 611.927040
4.125380 1041.489920 1332.065280
4.136180 1078.374400 180.433920
4.138970 1031.045120 182.538240
4.150740 1053.429760 91.269120
4.157160 1097.441280 88.442880
4.163730 1096.908800 71.746560
4.170440 1070.407680 67.599360
4.177160 1014.640640 104.970240
4.183820 1015.930880 123.648000
4.190560 1066.598400 76.032000
4.197360 1012.879360 157.731840
4.210680 1031.065600 250.552320
4.217630 1134.960640 145.873920
4.234210 1053.532160 211.783680
4.241790 1079.214080 207.083520
4.248800 1078.845440 218.649600
4.255410 1034.035200 136.488960
4.277550 1052.344320 248.340480
4.280110 1025.105920 184.074240
4.284540 1026.232320 200.709120
4.291370 1052.078080 169.589760
4.297880 1169.838080 299.182080
4.304580 1170.759680 311.577600
4.311530 1141.575680 298.967040
4.318000 1095.782400 333.834240
4.331410 1077.125120 1371.494400
4.536770 2019.717120 571.484160
4.566000 1492.480000 1146.946560
4.572480 1085.399040 509.352960
4.579180 1031.680000 452.305920
4.587430 1030.594560 437.637120
4.592680 1094.184960 443.489280
4.599300 1007.534080 303.575040
4.606080 1006.243840 299.212800
4.612670 1057.832960 455.838720
4.619360 1087.406080 418.375680
4.626150 1088.040960 433.013760
4.632620 1052.815360 455.792640
4.646160 1078.292480 518.952960
4.652970 963.829760 466.913280
4.659550 1063.936000 455.439360
4.666250 1063.096320 440.755200
4.673100 1004.748800 440.862720
4.679650 1122.816000 435.379200
4.686380 1122.447360 420.925440
4.702850 1075.752960 350.668800
4.704920 1046.241280 390.773760
4.713170 1057.198080 362.081280
4.719910 1038.827520 428.267520
4.739940 1116.774400 457.605120
4.753320 1040.404480 420.725760
4.760140 1053.143040 469.555200
4.766740 1052.815360 479.846400
4.773410 1040.896000 533.637120
4.780330 1113.866240 510.182400
4.787750 1114.296320 524.160000
4.793570 1130.229760 704.686080
4.800400 1085.829120 1209.799680
4.820460 1086.730240 1211.550720
5.064030 1069.056000 801.192960
5.068310 1068.544000 809.441280
5.074680 1093.181440 772.592640
5.081370 1055.846400 679.203840
5.094770 1136.947200 884.106240
5.101480 990.330880 815.462400
5.108290 991.641600 818.764800
5.115080 1087.406080 839.838720
5.121750 970.403840 791.331840
5.128420 969.093120 787.814400
5.137240 964.198400 822.727680
5.141650 1048.678400 896.962560
5.148690 1048.965120 889.067520
5.162120 993.218560 1078.686720
5.175310 937.349120 966.328320
5.182090 985.149440 973.931520
5.188700 983.859200 971.043840
5.195400 961.720320 993.976320
5.202110 1023.918080 1035.571200
5.209490 1025.064960 1038.197760
5.215490 986.378240 955.392000
5.222190 1008.291840 977.187840
5.228980 1008.230400 984.729600
5.235580 943.001600 1017.692160
5.242720 978.677760 1077.166080
5.256140 942.059520 1094.415360
5.262850 1013.391360 1054.556160
5.269090 1014.640640 1064.570880
5.276020 989.143040 1054.494720
5.282500 1062.543360 1014.374400
5.295910 1053.593600 1056.967680
5.303120 1072.865280 1064.325120
5.309550 1073.233920 1057.044480
5.315950 1001.410560 1128.314880
5.322740 1023.528960 992.148480
5.329570 1022.320640 989.352960
5.336060 989.839360 1066.859520
5.357110 1045.790720 1064.862720
5.361830 1127.751680 754.560000
5.364030 1080.094720 354.908160
5.369650 1079.767040 366.044160
5.376250 1017.200640 100.531200
5.382790 1122.385920 178.452480
5.389890 1123.000320 166.302720
5.403460 1085.685760 236.697600
5.416430 1083.371520 229.724160
5.423220 1095.782400 160.081920
5.429850 1094.696960 155.504640
5.436810 1114.214400 166.609920
5.449940 1126.993920 130.606080
5.456900 1090.457600 172.723200
5.465560 1130.680320 186.639360
5.469870 1130.024960 198.604800
5.477020 1099.243520 193.766400
5.483420 1122.856960 138.639360
5.503510 1064.017920 234.731520
5.510300 1064.857600 251.228160
5.517020 1164.288000 267.909120
5.523650 1069.895680 240.675840
5.530310 1070.346240 228.572160
5.538170 1079.500800 186.716160
5.550490 1049.333760 304.465920
5.557330 1141.616640 200.632320
5.563780 1099.120640 242.196480
5.577040 980.316160 90.055680
5.586550 1137.459200 147.025920
5.597500 1097.379840 190.863360
5.604020 1185.464320 195.425280
5.617590 1129.000960 249.676800
5.624160 1161.461760 229.355520
5.637530 1116.180480 134.261760
5.644290 1121.689600 239.631360
5.650930 1122.344960 227.604480
5.657570 1111.511040 273.592320
5.670960 1154.682880 146.181120
5.685370 1075.015680 215.424000
5.691010 1074.278400 199.142400
5.697740 1103.052800 131.973120
5.711270 1108.357120 206.684160
5.717840 1168.138240 86.492160
5.726990 1121.034240 177.515520
5.731520 1121.873920 181.939200
5.738010 1117.122560 120.314880
5.751550 1057.689600 245.207040
5.758040 1164.288000 147.578880
5.764770 1105.018880 112.250880
5.773870 1104.527360 95.339520
5.778170 1103.380480 167.577600
5.785040 1104.117760 209.879040
5.794040 1103.503360 221.537280
5.798060 1053.429760 209.541120
5.805010 1098.342400 212.121600
5.811830 1099.366400 216.514560
5.821290 1097.052160 225.377280
5.831770 1042.472960 251.673600
5.838400 1081.180160 231.920640
5.845320 1059.512320 256.189440
5.851800 1058.652160 240.368640
5.858580 1076.961280 227.880960
5.874270 1077.411840 215.055360
5.879720 1106.554880 146.165760
5.885350 1019.432960 96.599040
5.892390 1017.815040 103.234560
5.902830 1063.424000 146.288640
5.906120 1085.480960 234.024960
5.918810 1105.817600 391.710720
5.925790 1127.956480 1183.518720
6.106210 1133.076480 100.546560
6.114580 1133.363200 118.548480
6.121670 1167.073280 92.928000
6.126250 1064.591360 91.975680
6.132970 1065.451520 110.530560
6.139760 1026.293760 116.060160
6.148530 1067.827200 128.624640
6.159830 1010.688000 226.237440
6.166460 1099.714560 220.892160
6.173280 1100.288000 207.605760
6.180240 1006.837760 113.018880
6.186820 1068.605440 127.549440
6.196430 1067.356160 122.680320
6.204960 1063.178240 172.631040
6.209520 1056.849920 101.038080
6.220640 1081.978880 111.713280
6.228110 1130.414080 142.310400
6.233540 1128.775680 166.702080
6.241660 1111.265280 197.360640
6.246840 1073.356800 177.208320
6.253560 1074.606080 168.376320
6.266910 1151.344640 82.298880
6.273640 1150.300160 95.984640
6.280320 1067.888640 110.807040
6.293870 1111.449600 99.809280
6.297880 1110.302720 95.400960
6.302290 1128.673280 119.823360
6.314280 1152.593920 120.023040
6.320730 1156.300800 123.863040
6.327550 1100.533760 171.663360
6.348650 1090.334720 148.239360
6.354160 1089.720320 131.466240
6.360940 1114.173440 103.587840
6.367580 1084.764160 61.486080
6.387730 1085.132800 70.732800
6.390520 1118.945280 73.896960
6.407800 1099.100160 96.721920
6.421430 1109.934080 197.053440
6.430250 1111.142400 56.263680
6.443650 1101.783040 140.206080
6.451000 1109.749760 144.245760
6.454490 1108.541440 139.299840
6.461420 1100.492800 177.239040
6.468070 1088.307200 99.118080
6.481610 1116.160000 104.709120
6.488080 1048.862720 177.269760
6.494870 1049.845760 195.333120
6.501690 1111.879680 200.171520
6.508230 1127.075840 163.415040
6.523360 1172.008960 145.966080
6.528330 1146.408960 136.258560
6.541910 1017.446400 96.537600
6.548440 1039.912960 72.775680
6.558650 1040.240640 58.705920
6.561650 1130.373120 172.922880
6.570550 1119.641600 159.160320
6.575230 1118.556160 154.414080
6.582140 1019.023360 128.471040
6.588590 1074.237440 220.062720
6.602080 1108.234240 218.941440
6.608900 1052.835840 214.533120
6.616850 1053.798400 232.304640
6.622250 1094.594560 269.245440
6.628760 1152.327680 209.341440
6.635560 1151.385600 221.061120
6.642170 1012.449280 105.615360
6.649050 1067.704320 144.721920
6.655580 1068.892160 149.345280
6.668380 1201.008640 200.325120
6.670660 1130.291200 208.619520
6.682380 1102.356480 265.344000
6.689270 1131.540480 148.592640
6.702480 1145.200640 192.107520
6.717510 1119.232000 202.521600
6.725250 1011.671040 207.621120
6.736280 1025.105920 228.403200
6.742760 1084.559360 253.455360
6.749410 1077.145600 337.720320
6.762850 545.832960 815.447040
6.771930 347.258880 1025.433600
6.779660 344.391680 1022.407680
6.782660 180.817920 1533.665280
7.452650 1099.980800 1375.810560
7.466500 1181.184000 687.836160
7.472860 1080.176640 618.685440
7.486100 1123.205120 700.185600
7.492900 1116.979200 769.013760
7.507320 1094.737920 750.412800
7.512930 1174.261760 759.828480
7.526320 1098.035200 733.255680
7.535050 1115.484160 596.766720
7.546360 1108.336640 632.171520
7.553090 1101.148160 636.380160
7.559850 1101.742080 625.797120
7.566730 1019.084800 654.336000
7.573210 1014.845440 661.493760
7.580000 1013.555200 647.685120
7.586750 994.099200 666.408960
7.593310 985.600000 659.266560
7.600000 984.104960 645.734400
7.606880 974.254080 668.390400
7.613390 1039.708160 683.627520
7.626970 1019.453440 716.359680
7.633500 1026.375680 717.419520
7.640220 1026.314240 726.896640
7.651260 1019.965440 704.839680
7.653730 1019.658240 642.984960
7.660480 1020.887040 656.716800
7.673670 1056.358400 607.733760
7.680420 1056.972800 631.557120
7.687360 1138.749440 105.507840
7.693860 1091.932160 23.961600
7.700540 1092.526080 41.687040
7.707350 1095.454720 247.864320
7.713860 1097.666560 261.980160
7.720670 1098.792960 266.327040
7.727630 1111.572480 178.590720
7.734280 1097.768960 234.455040
7.749250 1115.422720 192.015360
7.773500 1115.381760 172.016640
7.777330 1089.904640 173.721600
7.781540 1088.634880 161.433600
7.787620 1124.352000 250.583040
7.794440 1146.122240 232.949760
7.800950 1145.425920 244.577280
7.807630 1115.299840 161.541120
7.814460 1124.515840 214.394880
7.821040 1124.843520 230.615040
7.827740 1059.328000 265.666560
7.834560 1027.829760 288.307200
7.841120 1028.935680 304.343040
7.847830 1104.424960 295.326720
7.854530 1147.187200 300.810240
7.862670 1147.965440 288.967680
7.867770 1053.921280 227.619840
7.874670 1036.083200 167.470080
7.881380 1034.915840 162.954240
7.888020 1144.893440 188.467200
7.894560 1136.414720 148.884480
7.908220 1091.440640 265.743360
7.914820 1148.866560 383.216640
7.921500 1149.030400 398.453760
7.928270 1082.531840 399.498240
7.935060 1087.836160 335.646720
7.948280 1126.952960 322.867200
7.955130 1064.673280 330.393600
7.968410 1121.054720 306.170880
7.979370 1153.966080 298.368000
7.995300 1057.914880 345.231360
8.008580 1153.761280 333.895680
8.015280 1117.224960 328.120320
8.028680 1117.900800 313.067520
8.035360 1139.015680 307.937280
8.042180 1139.568640 296.125440
8.048990 1054.556160 283.176960
8.055460 1071.001600 269.721600
8.062260 1070.223360 253.624320
8.074940 1112.453120 198.405120
8.086250 1117.614080 202.798080
8.095180 1087.672320 216.883200
8.102200 1099.264000 161.879040
8.109180 1104.957440 210.600960
8.115720 1117.265920 280.212480
8.122500 1117.696000 295.864320
8.129220 1099.489280 330.977280
8.136010 1144.750080 324.741120
8.142600 1145.671680 328.949760
8.156070 967.905280 1495.280640
8.162850 969.748480 1489.812480
8.340180 1092.812800 46.279680
8.350610 1105.592320 20.490240
8.363420 1068.011520 17.310720
8.370110 1074.565120 26.926080
8.376830 1030.881280 22.241280
8.390200 1109.934080 4.930560
8.412240 1031.372800 28.707840
8.430760 1065.922560 65.203200
8.438170 1060.352000 21.104640
8.443880 1059.082240 15.943680
8.450750 1084.620800 18.216960
8.457570 1019.351040 0.476160
8.477450 1078.026240 48.184320
8.486430 1078.804480 67.230720
8.494440 1075.712000 13.962240
8.499070 1084.682240 6.328320
8.504470 1084.334080 19.138560
8.510940 1080.340480 33.377280
8.518370 1056.358400 136.058880
8.524180 1057.382400 140.605440
8.531740 1057.546240 101.053440
8.537730 1054.167040 119.608320
8.551130 1044.275200 132.572160
8.557820 1088.696320 118.840320
8.564640 1088.061440 101.928960
8.571220 1084.211200 74.695680
8.578460 1117.818880 31.134720
8.584640 1117.143040 43.699200
8.591520 1112.719360 146.841600
8.597990 1078.108160 58.982400
8.604760 1078.824960 76.416000
8.611430 1110.732800 186.408960
8.618110 1079.336960 87.736320
8.625290 1080.565760 92.344320
8.634230 1083.699200 198.804480
8.638050 1043.107840 184.366080
8.645170 1042.063360 179.727360
8.651600 1080.299520 206.914560
8.658470 1033.256960 148.807680
8.665000 1033.482240 136.350720
8.671940 1058.365440 253.793280
8.678530 1019.699200 157.393920
8.685120 1019.781120 169.728000
8.691800 1076.674560 96.614400
8.698670 1024.102400 117.073920
8.711870 1118.740480 140.206080
8.719200 1072.783360 278.860800
8.725280 1073.725440 283.069440
8.731980 1061.642240 235.576320
8.740100 1124.515840 190.018560
8.745210 1124.167680 173.383680
8.752070 1130.270720 106.583040
8.758780 1098.670080 124.124160
8.766530 1098.117120 107.304960
8.772130 1096.007680 86.615040
8.778920 1110.323200 72.192000
8.792260 1073.336320 122.158080
8.798880 1095.106560 204.702720
8.805700 1094.758400 216.453120
8.814270 1037.189120 174.904320
8.819700 1084.149760 129.669120
8.826020 1085.358080 134.184960
8.832440 1064.714240 81.331200
8.839280 1135.820800 161.648640
8.846560 1136.517120 147.932160
8.852380 1072.783360 98.964480
8.859940 1068.318720 50.273280
8.866020 1066.434560 28.108800
8.872640 1001.451520 7.219200
8.879530 1092.956160 12.334080
8.893100 1031.843840 48.614400
8.912650 1114.071040 10.951680
8.922770 1088.491520 52.608000
8.939700 1074.278400 58.567680
8.963790 1073.704960 124.416000
8.967270 1090.928640 71.500800
8.972950 1100.677120 34.728960
8.979890 1144.688640 22.656000
8.993200 1105.858560 83.543040
9.000280 1017.917440 113.495040
9.013300 1009.786880 86.860800
9.019970 1055.457280 56.939520
9.033390 1144.381440 78.013440
9.040140 1091.461120 170.557440
9.047310 1092.055040 157.071360
9.053540 1010.790400 113.925120
9.060250 993.853440 17.756160
9.069000 992.563200 12.779520
9.073430 1034.383360 123.125760
9.080340 1014.722560 115.153920
9.093860 915.599360 114.094080
9.107290 955.351040 102.067200
9.113840 1021.255680 17.111040
9.120530 934.092800 55.050240
9.127300 934.604800 67.706880
9.133890 961.105920 151.203840
9.141390 993.751040 197.084160
9.147530 995.082240 201.630720
9.154110 969.625600 112.450560
9.167650 957.480960 166.594560
9.175600 1015.603200 229.555200
9.185750 984.371200 234.516480
9.198950 1039.728640 246.497280
9.202480 1007.022080 268.262400
9.207540 1008.230400 272.609280
9.214420 1000.693760 256.189440
9.220930 953.016320 234.332160
9.227600 950.906880 204.426240
9.235430 982.794240 129.331200
9.241010 984.227840 52.346880
9.247820 981.278720 16.051200
9.294590 1055.109120 66.769920
9.301480 1048.350720 109.455360
9.308010 1049.333760 128.040960
9.314710 1007.370240 120.422400
9.321590 1022.812160 170.664960
9.334810 1062.768640 114.785280
9.341680 1043.333120 123.924480
9.354940 1124.311040 112.389120
9.361730 1139.466240 195.809280
9.376770 1109.278720 124.584960
9.381700 1114.910720 184.197120
9.396800 1108.889600 146.304000
9.401620 1091.031040 184.197120
9.415180 1079.193600 145.812480
9.422480 1078.538240 104.248320
9.435250 1097.953280 128.163840
9.442150 1048.289280 97.735680
9.455370 1018.572800 214.993920
9.462240 1057.484800 187.822080
9.470290 1057.239040 199.541760
9.475440 1097.830400 220.861440
9.482340 1146.531840 222.289920
9.488840 1147.535360 226.775040
9.495560 1049.784320 221.706240
9.504950 1063.403520 212.613120
9.508780 1063.075840 224.440320
9.517750 1039.298560 205.701120
9.529000 1042.391040 265.390080
9.535800 1064.427520 224.256000
9.542570 1065.758720 211.092480
9.549210 1066.577920 227.712000
9.555830 1074.483200 273.192960
9.571840 1074.728960 260.981760
9.576400 1095.045120 252.825600
9.582880 1104.363520 158.161920
9.589800 1103.441920 153.615360
9.603040 1094.369280 258.370560
9.632780 1094.860800 246.604800
9.635290 1093.488640 234.178560
9.637890 1139.712000 192.568320
9.642940 1146.265600 132.495360
9.649660 1147.166720 128.593920
9.663100 1086.095360 163.368960
9.669760 1084.723200 150.850560
9.676590 1088.286720 169.605120
9.683150 1035.857920 94.817280
9.696690 999.956480 179.343360
9.703440 1002.516480 151.234560
9.717660 1002.700800 90.301440
9.727070 998.789120 196.715520
9.736960 987.279360 129.162240
9.743380 1005.301760 182.538240
9.752460 1005.363200 194.472960
9.756800 1030.983680 95.109120
9.763450 1035.264000 214.640640
9.770260 1036.288000 230.906880
9.776990 1069.383680 237.204480
9.783590 1096.970240 270.274560
9.790270 1097.543680 286.433280
9.804710 1171.435520 310.901760
9.810510 1172.316160 299.043840
9.817240 1016.074240 258.493440
9.824100 982.036480 264.529920
9.832490 980.561920 248.371200
9.854280 979.333120 244.116480
9.857860 1058.529280 203.351040
9.864160 1103.032320 221.844480
9.870640 1102.786560 213.703680
9.877530 1094.799360 265.943040
9.884040 1064.632320 281.072640
9.897520 1019.412480 202.214400
9.904260 1076.449280 204.748800
9.917550 1114.071040 143.662080
9.924320 1091.502080 112.665600
9.930970 1092.096000 129.669120
9.945120 1046.568960 117.089280
9.951090 1047.654400 121.651200
9.957930 1015.439360 252.625920
9.964410 1047.224320 285.527040
9.971110 1046.016000 281.118720
9.977920 1076.428800 326.691840
9.989130 1099.059200 293.145600
10.000510 1142.620160 248.401920
10.004730 1158.594560 241.704960
10.018050 1144.115200 275.911680
10.024890 1033.154560 249.507840
10.038160 1006.489600 267.494400
10.046710 1012.121600 285.527040
10.054030 1012.080640 296.832000
10.058130 1057.935360 243.102720
10.065110 1066.332160 264.038400
10.071770 1067.110400 279.951360
10.079110 1111.449600 244.377600
10.091750 1124.638720 195.686400
10.098370 1133.711360 226.790400
10.105070 1136.025600 216.499200
10.111780 1135.759360 200.048640
10.118660 1090.723840 223.257600
10.125020 1161.379840 116.705280
10.131890 1161.297920 99.855360
10.138730 1097.154560 82.882560
10.145270 1111.162880 95.063040
10.160780 1165.946880 137.579520
10.165210 1163.079680 128.302080
10.178800 1141.514240 158.976000
10.185630 1121.382400 154.828800
10.198850 1098.465280 140.375040
10.205730 1086.279680 144.230400
10.212250 1085.767680 156.272640
10.219870 1051.402240 122.680320
10.226580 1034.731520 187.914240
10.232710 1035.755520 204.410880
10.239400 1065.082880 310.702080
10.246190 1052.221440 340.177920
10.252550 1053.306880 344.386560
10.259630 1069.199360 217.098240
10.269490 1069.137920 200.355840
10.276410 1068.339200 183.797760
10.283110 1119.866880 284.497920
10.285780 1102.499840 243.363840
10.299330 1156.136960 154.936320
10.306010 1158.512640 184.074240
10.319420 1085.890560 267.402240
10.325970 1084.088320 187.269120
10.332930 1083.760640 198.835200
10.339510 1074.995200 93.219840
10.346210 1140.633600 158.622720
10.352980 1141.616640 162.969600
10.360490 1145.118720 202.490880
10.366310 1137.561600 194.211840
10.383500 1141.637120 194.073600
10.386260 1150.791680 176.363520
10.393270 1150.648320 159.989760
10.399820 1114.009600 140.052480
10.413180 1068.892160 270.827520
10.419900 995.491840 278.845440
10.426620 1007.595520 246.359040
10.433470 1007.554560 257.832960
10.440010 1092.710400 201.722880
10.446690 1139.793920 253.716480
10.460110 1053.409280 188.083200
10.466960 1047.756800 232.197120
10.480310 1106.964480 1167.482880
10.668700 1087.324160 200.878080
10.674500 1087.918080 188.390400
10.681330 1039.421440 187.176960
10.688550 1056.358400 190.141440
10.694730 1055.027200 185.671680
10.705400 1078.415360 180.372480
10.714850 1061.580800 108.963840
10.721370 1076.183040 144.384000
10.727990 1054.412800 175.549440
10.741450 1011.261440 172.677120
10.748090 1063.792640 112.942080
10.754990 1062.993920 96.015360
10.761530 1039.626240 20.152320
10.768240 1017.917440 133.877760
10.775010 1018.122240 120.284160
10.782080 1015.459840 107.950080
10.788340 1070.243840 28.078080
10.795120 1068.994560 23.040000
10.810280 1063.813120 157.854720
10.821670 1031.004160 20.060160
10.828950 1076.510720 15.636480
10.835160 1077.248000 35.036160
10.842220 1074.462720 63.375360
10.848550 1049.620480 54.312960
10.862100 1055.498240 39.260160
10.868710 1059.799040 70.241280
10.882250 1055.088640 172.462080
10.888750 1049.845760 238.264320
10.915610 1036.902400 19.368960
10.926780 1020.784640 22.932480
10.929120 1103.134720 17.771520
10.942330 1071.472640 52.316160
10.949160 1035.223040 30.704640
10.962400 1131.089920 55.802880
10.969870 1085.440000 1.213440
10.983440 1051.729920 184.181760
10.989540 1001.881600 70.794240
11.002890 1044.357120 125.706240
11.009350 1069.137920 117.488640
11.022900 1037.987840 180.341760
11.030370 1044.090880 153.431040
11.042760 1064.407040 189.864960
11.049680 1073.725440 172.016640
11.069810 1065.410560 38.077440
11.089820 1063.034880 7.050240
11.103300 1075.630080 91.683840
11.116490 1047.306240 85.862400
11.123430 1076.039680 174.059520
11.129880 1033.256960 141.634560
11.138190 1033.359360 128.056320
11.144510 1102.499840 61.716480
11.150010 1052.344320 71.439360
11.156700 1050.992640 66.278400
11.163550 1050.214400 103.618560
11.170100 1168.773120 150.712320
11.183720 1141.575680 95.124480
11.190160 1133.383680 84.126720
11.196860 1133.670400 102.819840
11.210250 1095.987200 96.291840
11.223640 1096.130560 77.552640
11.230440 1079.214080 60.840960
11.243810 1072.619520 14.407680
11.258420 1072.271360 27.264000
11.264780 1101.148160 213.811200
11.270600 1102.807040 203.980800
11.277350 1103.851520 208.404480
11.283910 1061.457920 209.310720
11.290680 1039.810560 198.328320
11.304270 1125.969920 215.623680
11.310800 1134.223360 199.726080
11.324120 1147.883520 113.986560
11.330810 1135.923200 129.008640
11.344800 1137.090560 102.666240
11.351060 1117.655040 168.944640
11.370990 1102.131200 112.435200
11.373520 1099.509760 114.600960
11.384530 1098.362880 118.394880
11.391130 1104.814080 195.471360
11.397810 1105.305600 211.829760
11.411190 1094.737920 243.624960
11.417820 1095.823360 247.895040
11.424710 1099.632640 230.768640
11.431350 1115.996160 208.650240
11.444800 1083.351040 146.580480
11.451460 1049.968640 118.256640
11.458090 1049.067520 101.360640
11.471570 1098.690560 58.567680
11.473900 1057.320960 22.809600
11.478170 1057.116160 35.681280
11.485080 1059.696640 121.021440
11.491570 1104.957440 113.448960
11.505090 1140.101120 141.803520
11.511690 1154.355200 153.369600
11.525230 1057.996800 81.239040
11.532000 1006.387200 152.663040
11.538470 1005.117440 136.028160
11.545300 1077.145600 174.028800
11.551850 1089.617920 47.016960
11.565420 1043.456000 50.426880
11.571940 1056.808960 90.562560
11.583460 1056.604160 102.973440
11.585690 1082.941440 176.394240
11.592020 1037.455360 146.472960
11.598810 1038.684160 150.942720
11.605780 1081.180160 150.174720
11.612200 1097.994240 157.762560
11.618830 1097.461760 170.096640
11.625650 1150.689280 177.469440
11.632320 1162.117120 142.663680
11.638940 1163.059200 130.145280
11.645680 1007.308800 135.321600
11.652290 1018.183680 132.894720
11.665730 1047.654400 105.062400
11.679120 1083.924480 75.955200
11.688860 1109.893120 48.046080
11.712720 1064.079360 173.199360
11.720290 1065.328640 177.838080
11.726030 927.129600 111.221760
11.732850 897.843200 145.966080
11.746140 982.999040 41.226240
11.752890 968.970240 90.362880
11.759530 967.147520 58.951680
11.766200 978.063360 70.133760
11.772910 982.876160 98.150400
11.779780 981.442560 93.096960
11.786380 986.234880 70.287360
11.797920 978.432000 43.683840
11.806480 1017.118720 89.610240
11.819770 1032.028160 156.579840
11.826510 1058.058240 231.889920
11.833270 1069.957120 214.871040
11.839730 1070.714880 231.137280
11.846560 1012.920320 96.291840
11.853300 937.656320 167.040000
11.866670 1030.389760 159.191040
11.873400 972.984320 153.431040
11.880230 971.427840 136.381440
11.886850 988.938240 167.393280
11.893460 998.993920 145.873920
11.921890 997.683200 129.146880
11.934280 995.532800 104.785920
11.940490 995.512320 117.073920
11.947110 1035.796480 153.968640
11.953710 1067.274240 173.383680
11.960610 1068.441600 177.960960
11.967210 931.000320 119.239680
11.973860 966.696960 138.301440
11.987230 997.314560 221.491200
11.993960 943.083520 142.156800
12.007320 984.596480 110.592000
12.016210 1006.243840 196.531200
12.020560 1007.493120 212.997120
12.027490 1045.934080 134.553600
12.034120 1077.411840 220.784640
12.041810 1078.558720 225.177600
12.054230 944.537600 183.736320
12.061070 942.755840 166.901760
12.067590 986.808320 160.742400
12.074490 993.382400 133.770240
12.081040 992.174080 129.239040
12.089250 1001.635840 167.285760
12.095430 977.387520 411.279360
12.101110 978.821120 415.303680
12.107790 991.518720 283.361280
12.114690 1020.477440 303.697920
12.122170 1020.272640 315.110400
12.127750 1019.883520 399.068160
12.135370 1020.579840 425.886720
12.141510 1020.784640 415.073280
12.147990 1030.205440 298.214400
12.154800 1022.976000 216.407040
12.168090 1040.179200 269.460480
12.174960 1038.561280 261.043200
12.182500 1037.557760 245.191680
12.188190 1037.844480 273.085440
12.195060 1032.007680 283.192320
12.201570 1031.639040 294.589440
12.208270 977.879040 231.121920
12.214950 976.936960 242.365440
12.221650 978.329600 246.789120
12.237710 926.126080 282.577920
12.240220 987.914240 281.456640
12.248500 996.167680 324.188160
12.255250 1004.544000 337.827840
12.262060 1003.192320 333.696000
12.268550 943.575040 398.438400
12.278770 934.604800 349.117440
12.288670 938.680320 370.406400
12.295400 950.026240 230.000640
12.308740 935.669760 266.987520
12.315520 919.961600 263.685120
12.324490 918.056960 247.818240
12.355250 989.634560 299.289600
12.357820 1009.192960 323.235840
12.362270 1009.049600 334.417920
12.369590 1046.609920 504.145920
12.375790 1045.340160 724.561920
12.382570 1046.568960 727.680000
12.389120 1052.958720 680.601600
12.395830 1075.937280 598.748160
12.402680 1075.466240 608.593920
12.409220 1031.680000 605.184000
12.416870 1046.241280 620.221440
12.422810 1046.282240 610.483200
12.429310 1083.351040 646.272000
12.436040 1050.296320 670.740480
12.442910 1049.927680 680.171520
12.449860 1027.092480 776.739840
12.455930 1044.336640 736.389120
12.476190 1071.738880 567.260160
12.482890 1073.049600 570.839040
12.489780 1068.789760 594.170880
12.496300 1041.162240 608.732160
12.502980 1039.872000 605.260800
12.510190 1044.643840 625.658880
12.516380 1026.867200 599.746560
12.523090 1026.928640 589.731840
12.529940 990.126080 575.907840
12.536480 982.937600 549.242880
12.543180 983.080960 559.472640
12.550000 1031.864320 563.420160
12.558800 1011.855360 572.989440
12.569960 1133.301760 629.406720
12.576650 1125.969920 653.199360
12.583340 1126.318080 666.332160
12.590060 1061.171200 672.890880
12.596940 1030.676480 672.460800
12.604560 1030.615040 662.768640
12.610180 1055.723520 1117.440000
12.787460 1150.423040 757.570560
12.797980 1158.123520 746.895360
12.810930 1162.240000 712.043520
12.817630 1179.627520 659.804160
12.831090 1203.732480 623.339520
12.839820 1234.800640 623.861760
12.844590 1236.357120 613.877760
12.851470 1146.859520 725.990400
12.857980 1153.433600 710.753280
12.864670 1152.471040 707.604480
12.871560 1150.341120 701.091840
12.878110 1174.568960 651.724800
12.893550 1182.269440 576.092160
12.898020 1211.535360 680.755200
12.904870 1211.187200 693.657600
12.911680 1215.283200 739.768320
12.918240 1166.602240 696.898560
12.924970 1167.482880 687.482880
12.933480 1207.664640 728.647680
12.938560 1220.341760 691.399680
12.945060 1219.522560 688.250880
12.951870 1123.041280 716.436480
12.958440 1152.040960 695.132160
12.978770 1233.264640 717.849600
12.985270 1232.773120 730.444800
12.991930 1226.137600 837.089280
13.000280 1077.637120 850.805760
13.005190 1078.149120 842.280960
13.012030 839.270400 1258.260480
13.018850 907.591680 1186.314240
13.026920 905.523200 1177.405440
13.039030 947.138560 1082.864640
13.045530 945.418240 1073.372160
13.052160 930.365440 1078.548480
13.059110 928.215040 1101.112320
13.073660 958.074880 1091.880960
13.078980 913.264640 1122.032640
13.085900 913.674240 1128.683520
13.092400 912.998400 1147.130880
13.099110 887.705600 1071.851520
13.110360 889.876480 1081.512960
13.112770 911.482880 1128.898560
13.120120 966.881280 1166.376960
13.125960 968.273920 1168.558080
13.132600 919.879680 1174.379520
13.139460 900.218880 1119.544320
13.146010 898.088960 1110.082560
13.152760 900.014080 1108.976640
13.159390 921.989120 1036.692480
13.173020 920.514560 1034.173440
13.181050 966.533120 1167.206400
13.186180 968.110080 1176.145920
13.192880 968.396800 1221.519360
13.199710 948.449280 1181.813760
13.206280 950.210560 1190.814720
13.217190 919.470080 1279.810560
13.223510 894.177280 1199.738880
13.226220 893.562880 1193.118720
13.233080 885.555200 1095.828480
13.239830 979.722240 1243.054080
13.253170 941.096960 1149.388800
13.260900 899.952640 1077.288960
13.266780 897.884160 1067.719680
13.273350 1105.018880 1164.456960
13.280030 1134.837760 1046.200320
13.286650 1133.363200 1059.210240
13.293330 986.439680 1124.060160
13.300020 1050.214400 1160.893440
13.307420 1052.999680 1165.731840
13.313440 1083.965440 1162.874880
13.322150 1030.307840 1161.538560
13.327990 1030.123520 1168.296960
13.333620 1075.691520 1273.036800
13.340420 1054.597120 1137.792000
13.346970 1054.085120 1122.385920
13.354400 1054.597120 1192.104960
13.360340 1079.152640 1169.464320
13.367070 1078.620160 1176.192000
13.373800 1029.447680 1200.384000
13.380560 1001.451520 1115.520000
13.393800 998.481920 1131.018240
13.401760 1082.265600 1171.891200
13.407210 1083.637760 1174.241280
13.413860 1099.591680 1227.448320
13.420620 1065.000960 1231.703040
13.427500 1064.161280 1223.162880
13.435660 1052.078080 1239.813120
13.440560 1097.031680 1217.817600
13.449240 1096.458240 1209.384960
13.454080 1022.873600 1152.537600
13.461030 1071.595520 1136.901120
13.474200 1081.794560 1126.041600
13.481030 1063.731200 1134.305280
13.496400 1020.866560 1125.888000
13.507910 984.166400 1115.520000
13.514400 1075.240960 1116.702720
13.521260 1052.712960 1133.706240
13.527810 1053.941760 1136.179200
13.534490 1127.239680 1176.069120
13.552700 1115.811840 1129.313280
13.555210 1048.453120 1220.597760
13.561310 1082.183680 1155.747840
13.574760 1075.752960 1123.968000
13.581370 1053.347840 1174.026240
13.589300 1054.597120 1176.222720
13.601890 1100.226560 1211.888640
13.608170 1099.653120 1218.355200
13.614950 1040.936960 1195.822080
13.621770 1122.590720 1192.980480
13.628300 1123.328000 1186.452480
13.636230 1116.037120 1166.499840
13.641910 1083.002880 1164.610560
13.653810 1082.368000 1171.246080
13.656160 1068.953600 1148.482560
13.661710 1064.427520 1183.656960
13.668450 1064.919040 1177.159680
13.675180 1072.291840 1076.136960
13.683000 1020.252160 1128.499200
13.688600 1020.047360 1135.242240
13.695550 1060.147200 1216.634880
13.702110 1082.327040 1185.300480
13.708720 1082.859520 1178.680320
13.722250 998.113280 1174.947840
13.731440 997.908480 1181.399040
13.740370 1022.156800 1130.035200
13.744710 1051.074560 1143.552000
13.755850 1086.320640 1147.115520
13.764900 1007.144960 1135.902720
13.768770 1008.640000 1138.467840
13.776500 1026.539520 1159.864320
13.782330 1066.311680 1112.202240
13.789000 1065.492480 1102.725120
13.795880 1034.485760 1108.930560
13.802410 1035.653120 1112.939520
13.809090 1034.608640 1103.646720
13.815930 1060.208640 1157.544960
13.827300 997.519360 1195.683840
13.836500 1160.949760 1145.594880
13.842700 1096.232960 1145.379840
13.862880 1145.692160 1098.024960
13.880730 1089.413120 1128.314880
13.883720 1133.547520 1162.214400
13.889750 1132.544000 1168.650240
13.896180 1173.688320 1266.462720
13.902930 1177.743360 1226.373120
13.909780 1177.681920 1234.790400
13.917090 1133.854720 1282.406400
13.923060 1144.074240 1238.277120
13.929880 1145.180160 1240.427520
13.936390 1179.750400 1204.915200
13.943090 1191.096320 1171.553280
13.949980 1191.239680 1162.598400
13.956570 1203.814400 1112.125440
13.974360 1207.050240 1201.505280
13.993550 1205.923840 1203.732480
13.996500 1196.359680 1213.578240
14.003360 1197.793280 1132.692480
14.011230 1198.817280 1135.088640
14.016730 1145.610240 1221.258240
14.023690 1102.970880 1208.340480
14.030130 1103.237120 1212.656640
14.036810 1142.005760 1168.542720
14.050230 1095.024640 1202.918400
14.058210 1130.577920 1161.108480
14.063670 1143.910400 1225.635840
14.070600 1144.115200 1234.237440
14.077220 1106.800640 1186.099200
14.083720 1095.659520 1187.527680
14.097080 1183.416320 1268.689920
14.105400 1139.650560 1269.657600
14.110510 1140.531200 1263.452160
14.117300 1102.499840 1223.900160
14.123890 1093.120000 1188.218880
14.130820 1092.485120 1179.356160
14.137300 1066.086400 1146.408960
14.144010 1122.304000 1209.630720
14.151610 1121.914880 1201.152000
14.157410 1128.919040 1221.427200
14.164140 1130.885120 1231.441920
14.177500 1072.640000 1111.342080
14.184330 1147.781120 1052.851200
14.198940 1147.760640 1223.470080
14.204720 1251.491840 1075.706880
14.217800 1329.541120 1103.155200
14.224370 1275.187200 1046.415360
14.231110 1273.507840 1053.557760
14.237760 1212.170240 1004.344320
14.245370 1258.823680 984.806400
14.251170 1261.363200 978.708480
14.258510 1267.056640 1082.588160
14.264580 1299.722240 1044.879360
14.271360 1298.862080 1041.884160
14.278130 1298.022400 1093.416960
14.284720 1278.976000 1075.507200
14.292030 1278.013440 1073.126400
14.298040 1294.909440 1063.910400
14.309200 1279.610880 1073.372160
14.312020 1277.849600 1093.340160
14.318340 1269.882880 1134.136320
14.331610 1270.558720 1164.334080
14.339940 1263.759360 1093.370880
14.344940 1236.049920 1121.786880
14.351680 1236.541440 1112.463360
14.358500 1274.920960 859.484160
14.365050 1227.980800 621.081600
14.371820 1227.038720 617.763840
14.378570 1279.303680 674.135040
14.389310 1255.874560 701.921280
14.393460 1255.198720 714.332160
14.398620 1155.481600 665.902080
14.413590 1171.046400 698.127360
14.424180 1236.971520 706.759680
14.427040 1249.013760 711.045120
14.440270 1306.480640 672.491520
14.445560 1207.521280 741.396480
14.452120 1206.743040 738.186240
14.459180 1222.737920 696.053760
14.465700 1187.901440 689.879040
14.472220 1189.007360 693.273600
14.479650 1263.882240 743.808000
14.485590 1228.513280 763.484160
14.492310 1227.161600 772.392960
14.498950 1210.163200 788.290560
14.506000 1261.547520 760.888320
14.512410 1263.001600 751.902720
14.519100 1194.741760 713.625600
14.526620 1229.946880 715.545600
14.539110 1189.744640 699.494400
14.546000 1241.620480 672.768000
14.552690 1240.821760 669.480960
14.566000 1253.560320 608.179200
14.572840 1254.543360 611.558400
14.579680 1181.818880 569.779200
14.586090 1218.826240 582.850560
14.593160 1217.576960 592.757760
14.599870 1231.278080 581.683200
14.606430 1276.948480 599.761920
14.612970 1278.689280 589.992960
14.626560 1197.465600 556.646400
14.635010 1196.318720 566.599680
14.643590 1200.435200 682.598400
14.646760 1208.053760 642.278400
14.659950 1259.212800 750.289920
14.666990 1274.163200 633.077760
14.673360 1275.084800 636.794880
14.679890 1294.561280 619.115520
14.686520 1291.386880 613.294080
14.693650 1290.485760 609.715200
14.699950 1302.343680 619.837440
14.706770 1238.118400 615.813120
14.720040 1288.847360 582.912000
14.726920 1237.647360 697.512960
14.733440 1238.630400 700.999680
14.742100 1201.684480 591.974400
14.748480 1230.745600 655.549440
14.753540 1231.196160 642.570240
14.760260 1200.640000 568.396800
14.767140 1205.555200 518.906880
14.773630 1204.654080 515.281920
14.780360 1201.254400 502.149120
14.787200 1151.754240 543.129600
14.793830 1151.897600 556.769280
14.800420 1160.048640 574.126080
14.811190 1173.217280 600.145920
14.815430 1173.196800 613.647360
14.820720 1188.679680 634.767360
14.835550 1194.024960 663.229440
14.840730 1184.993280 680.785920
14.847420 1202.872320 692.920320
14.866820 1200.926720 690.554880
14.869070 1216.450560 692.014080
14.874200 1217.556480 682.398720
14.881020 1184.665600 689.448960
14.887570 1142.497280 567.290880
14.894390 1141.350400 563.512320
14.907580 1181.818880 565.969920
14.914530 1182.986240 556.047360
14.920980 1204.674560 639.682560
14.927710 1165.864960 649.743360
14.934580 1164.881920 659.189760
14.941080 1166.192640 692.766720
14.954690 1209.282560 669.588480
14.961470 1134.919680 647.500800
14.967730 1151.815680 649.697280
14.981450 1156.321280 576.921600
14.988000 1128.693760 584.570880
14.994930 1127.731200 581.038080
15.001360 1217.392640 587.059200
15.008120 1186.775040 553.559040
15.014990 1187.737600 556.984320
15.021550 1146.716160 543.575040
15.028150 1109.934080 559.749120
15.035120 1109.422080 569.825280
15.048330 1205.616640 594.216960
15.055160 1206.681600 584.279040
15.061640 1206.087680 595.430400
15.073380 1177.108480 601.482240
15.081700 1115.484160 629.944320
15.088470 1145.917440 631.188480
15.095250 1144.995840 627.747840
15.101730 1200.680960 665.303040
15.108530 1209.569280 596.874240
15.115050 1209.282560 610.083840
15.122100 1210.982400 666.086400
15.128630 1184.972800 603.002880
15.135400 1186.037760 606.689280
15.142290 1157.099520 562.222080
15.148710 1110.159360 554.280960
15.155420 1109.155840 550.640640
15.162320 1123.123200 519.260160
15.168850 1142.231040 529.459200
15.186030 1159.987200 543.191040
15.188750 1153.925120 576.506880
15.195710 1154.068480 590.223360
15.202450 1164.779520 608.117760
15.208840 1155.174400 616.012800
15.215710 1155.932160 606.120960
15.222590 1194.209280 620.820480
15.229100 1184.010240 581.160960
15.235850 1184.112640 567.567360
15.249210 1161.953280 510.520320
15.255970 1161.871360 496.680960
15.262790 1080.012800 402.078720
15.269320 975.482880 268.968960
15.282670 1076.285440 36.986880
15.289360 1054.126080 75.325440
15.296030 1055.313920 79.994880
15.303360 1135.595520 179.312640
15.309500 1118.187520 195.456000
15.329560 1124.433920 193.996800
15.336440 1124.085760 177.730560
15.342990 1121.464320 219.371520
15.349730 1110.814720 252.426240
15.363060 1104.916480 283.729920
15.376470 1097.973760 133.432320
15.383230 1086.013440 119.592960
15.389840 1092.341760 113.848320
15.401050 1091.809280 126.074880
15.403670 1057.669120 298.536960
15.410160 1049.579520 288.460800
15.417020 1050.480640 304.189440
15.423380 1046.712320 291.118080
15.436730 1053.163520 309.657600
15.443490 1037.312000 270.213120
15.450300 1013.207040 227.328000
15.463600 1017.507840 194.426880
15.470430 1013.063680 159.052800
15.483630 988.753920 274.329600
15.490580 971.182080 244.116480
15.497030 969.625600 227.758080
15.503750 1019.228160 174.689280
15.524650 1018.081280 158.023680
15.527280 1066.086400 290.918400
15.530390 1056.624640 266.895360
15.543910 1103.626240 241.981440
15.552140 1106.124800 237.066240
15.563990 1080.586240 224.025600
15.570910 1151.590400 203.642880
15.584210 1134.100480 171.171840
15.590800 998.031360 125.890560
15.604270 1099.325440 701.967360
15.610880 1001.922560 1366.579200
15.781720 1057.423360 1161.968640
15.795580 1105.633280 26.680320
15.798650 1106.821120 31.426560
15.805120 1086.033920 39.659520
15.811870 1138.319360 50.503680
15.818520 1137.356800 63.252480
15.825220 1079.787520 5.068800
15.839650 1065.943040 29.537280
15.841990 1066.455040 16.542720
15.845160 1017.098240 112.680960
15.852090 1001.676800 51.102720
15.858730 1001.492480 63.866880
15.865580 1042.186240 184.581120
15.872190 1000.939520 169.036800
15.885630 1121.792000 113.372160
15.892270 1099.141120 169.036800
15.905780 1109.073920 230.461440
15.912260 1047.818240 238.095360
15.919210 1048.186880 226.083840
15.927840 1048.350720 193.121280
15.940830 1050.562560 227.496960
15.945760 1036.656640 195.225600
15.953440 1036.308480 178.114560
15.966070 1015.418880 180.280320
15.973300 1075.957760 196.039680
15.979400 1076.674560 212.843520
15.986120 1049.006080 244.592640
15.992770 1096.253440 224.962560
16.006020 1067.212800 218.112000
16.012900 1045.135360 167.316480
16.020320 1045.360640 154.644480
16.026240 929.239040 125.521920
16.033070 946.462720 300.656640
16.039590 944.701440 284.712960
16.046260 912.691200 153.584640
16.053440 882.606080 134.031360
16.059840 880.414720 117.104640
16.067170 924.692480 63.651840
16.073250 964.259840 84.679680
16.079820 964.423680 96.721920
16.086620 912.097280 94.556160
16.093140 930.570240 95.754240
16.099880 931.880960 100.730880
16.106690 925.163520 75.018240
16.115010 914.391040 66.877440
16.126860 964.321280 70.533120
16.133340 942.592000 36.725760
16.140070 941.219840 31.749120
16.146860 911.523840 45.711360
16.153470 900.280320 62.131200
16.184650 901.754880 67.092480
16.190430 938.291200 148.454400
16.196440 943.267840 128.931840
16.200260 943.656960 141.219840
16.211260 930.406400 190.295040
16.213960 927.744000 195.855360
16.227180 925.081600 166.118400
16.233870 927.539200 180.480000
16.247250 932.986880 146.396160
16.254360 885.944320 165.365760
16.260810 883.732480 148.331520
16.267310 902.451200 194.580480
16.277030 919.040000 159.467520
16.280660 917.688320 154.920960
16.287560 947.630080 147.655680
16.294080 980.807680 159.144960
16.307760 982.261760 175.887360
16.316020 863.088640 257.095680
16.321000 864.768000 261.626880
16.327760 862.412800 196.316160
16.334410 877.158400 284.774400
16.341040 875.642880 280.258560
16.348410 958.525440 164.044800
16.354670 980.459520 183.613440
16.361140 980.295680 171.540480
16.367870 962.744320 156.195840
16.374680 1001.594880 204.917760
16.391230 851.005440 134.599680
16.398920 868.290560 106.536960
16.401320 866.775040 101.852160
16.408030 919.777280 134.138880
16.421380 945.868800 207.390720
16.428050 962.129920 233.103360
16.434920 976.568320 249.676800
16.443440 978.083840 266.096640
16.448160 984.596480 290.211840
16.455080 995.983360 287.708160
16.468290 987.955200 291.809280
16.475060 982.773760 298.629120
16.512760 962.580480 300.840960
16.517020 947.015680 332.897280
16.521870 946.647040 321.192960
16.528710 916.869120 313.082880
16.537100 896.921600 214.440960
16.541920 894.791680 197.775360
16.548810 907.468800 120.698880
16.555300 936.038400 107.412480
16.562140 934.256640 90.301440
16.568710 1038.970880 230.077440
16.582690 1001.594880 283.161600
16.588720 968.744960 234.163200
16.595540 986.685440 250.659840
16.608750 1008.640000 215.024640
16.615620 1013.637120 280.888320
16.622420 1013.616640 292.300800
16.630450 919.490560 184.028160
16.636090 1035.673600 249.523200
16.642400 1036.984320 254.039040
16.649260 1004.072960 279.383040
16.655790 926.187520 266.757120
16.669230 1027.133440 265.589760
16.677360 1052.774400 276.741120
16.682610 1051.873280 261.058560
16.689450 935.178240 269.291520
16.696000 980.971520 199.710720
16.712430 1014.374400 244.838400
16.715910 981.114880 265.175040
16.729460 954.531840 210.063360
16.736160 912.752640 230.568960
16.749540 999.034880 162.186240
16.756260 1010.319360 219.340800
16.769670 1019.576320 282.101760
16.776340 992.399360 325.248000
16.783050 992.583680 336.230400
16.789750 983.162880 371.297280
16.796620 1033.973760 334.172160
16.803120 1035.304960 338.549760
16.809820 1024.020480 389.744640
16.831450 968.069120 322.959360
16.836620 980.561920 365.368320
16.843540 979.107840 350.208000
16.850040 1016.299520 234.608640
16.856720 963.932160 182.338560
16.871710 1070.960640 290.534400
16.877480 974.213120 255.928320
16.890230 990.986240 289.766400
16.897090 1065.164800 270.197760
16.912530 965.160960 295.111680
16.925820 1024.962560 297.738240
16.931780 985.743360 372.971520
16.937010 1016.995840 448.266240
16.950500 967.147520 422.261760
16.959410 1021.480960 410.373120
16.970560 952.545280 308.551680
16.977460 1059.102720 382.080000
16.990720 938.700800 282.270720
16.997580 1043.537920 348.595200
17.011220 932.229120 270.566400
17.017610 1030.778880 257.418240
17.031010 952.053760 338.764800
17.039320 982.118400 387.225600
17.071210 1014.845440 381.050880
17.077940 950.374400 355.276800
17.091140 1029.058560 368.148480
17.099170 1026.539520 352.281600
17.111600 910.192640 255.344640
17.118010 998.952960 232.227840
17.124650 998.830080 243.732480
17.131530 959.651840 303.559680
17.138030 956.088320 334.755840
17.160380 1028.587520 353.617920
17.164930 1029.672960 368.962560
17.171480 953.876480 337.198080
17.185120 919.101440 326.277120
17.192980 968.704000 443.059200
17.198320 1009.459200 398.853120
17.205540 1009.377280 387.640320
17.211700 998.768640 377.118720
17.218540 976.834560 313.297920
17.225110 975.482880 308.843520
17.231850 939.540480 316.108800
17.239720 988.364800 298.736640
17.245440 988.139520 287.185920
17.253810 905.011200 423.843840
17.259240 969.830400 339.133440
17.272000 1001.349120 381.235200
17.278710 968.110080 883.568640
17.286330 966.881280 881.372160
17.454260 2005.954560 425.809920
17.478960 1982.586880 388.546560
17.492860 940.298240 208.020480
17.499680 987.893760 299.304960
17.506440 987.791360 287.569920
17.513000 970.772480 188.405760
17.520810 946.872320 199.511040
17.533170 998.277120 193.044480
17.539780 994.836480 189.373440
17.546620 993.484800 172.938240
17.553390 986.685440 202.122240
17.560010 1041.571840 96.107520
17.575520 890.920960 23.592960
17.595750 895.979520 67.568640
17.597960 942.448640 101.268480
17.600380 949.555200 133.017600
17.614330 983.203840 160.266240
17.620150 1027.010560 165.058560
17.626990 1028.136960 182.784000
17.633530 1007.964160 108.057600
17.640240 919.674880 134.784000
17.646930 922.173440 165.058560
17.653730 993.157120 238.525440
17.661360 986.644480 249.907200
17.667180 988.057600 254.484480
17.673960 998.625280 240.061440
17.687490 952.401920 193.781760
17.695490 1012.346880 264.560640
17.700620 948.756480 240.000000
17.708190 947.077120 223.933440
17.714070 956.846080 271.964160
17.720730 1010.585600 212.060160
17.734180 956.497920 126.059520
17.740870 949.862400 121.052160
17.747750 949.985280 133.370880
17.755080 944.844800 146.749440
17.761010 1009.315840 147.409920
17.767840 1010.503680 151.971840
17.774370 987.729920 143.907840
17.781100 981.094400 130.621440
17.794440 1015.787520 123.432960
17.805230 1053.081600 259.184640
17.808050 1052.200960 243.317760
17.814780 1055.395840 223.057920
17.821180 1002.414080 226.867200
17.834640 1083.596800 240.921600
17.841300 1039.052800 219.924480
17.849320 1038.725120 231.444480
17.854930 965.652480 247.188480
17.861540 977.182720 256.926720
17.868160 978.657280 261.457920
17.875010 987.852800 264.207360
17.881540 1017.815040 203.473920
17.896200 1056.911360 173.721600
17.901650 1074.667520 151.879680
17.912950 1073.950720 135.229440
17.916010 1115.914240 134.277120
17.921780 1073.704960 131.297280
17.935320 1044.213760 178.268160
17.942290 996.167680 206.791680
17.948890 997.560320 211.338240
17.955210 965.488640 236.113920
17.962080 958.586880 235.530240
17.975410 973.434880 229.724160
17.982230 970.915840 235.269120
17.989350 969.400320 219.202560
17.995680 981.114880 221.736960
18.002020 984.821760 212.490240
18.017620 995.758080 137.548800
18.024140 987.258880 153.200640
18.036110 990.535680 233.287680
18.042350 994.160640 220.661760
18.062520 1076.285440 197.729280
18.075970 1078.476800 189.404160
18.089200 1083.781120 193.397760
18.095710 1094.737920 182.369280
18.102750 1098.547200 190.832640
18.115960 1085.767680 252.180480
18.122830 1093.263360 283.530240
18.136240 1047.019520 245.591040
18.142950 1052.364800 264.591360
18.156300 991.744000 253.486080
18.162920 1073.582080 244.853760
18.184560 1031.127040 244.884480
18.189870 1030.819840 256.373760
18.196720 1056.317440 267.264000
18.203860 1081.057280 212.459520
18.209970 1082.347520 217.067520
18.216540 988.733440 155.581440
18.230060 991.559680 171.509760
18.238510 926.638080 183.336960
18.247250 970.096640 77.967360
18.250260 968.560640 60.610560
18.256770 1007.984640 145.274880
18.263310 1020.006400 161.157120
18.270020 1019.719680 173.045760
18.276900 919.797760 220.124160
18.283410 939.581440 246.405120
18.290170 941.137920 250.813440
18.297200 987.832320 318.566400
18.310390 1010.216960 338.319360
18.318060 971.632640 269.230080
18.328080 976.015360 190.402560
18.332240 974.540800 173.952000
18.337200 1003.827200 203.658240
18.345140 997.642240 185.164800
18.354780 997.519360 196.930560
18.357430 1017.630720 238.325760
18.370740 969.891840 262.794240
18.377180 977.408000 280.842240
18.383920 983.715840 300.748800
18.390840 985.149440 316.830720
18.397280 934.645760 338.534400
18.404160 1003.294720 335.047680
18.417360 953.180160 339.732480
18.424280 968.253440 328.488960
18.430840 967.987200 316.800000
18.437510 939.991040 460.707840
18.444390 1034.485760 1092.003840
18.450870 1033.318400 1090.344960
18.645610 998.236160 229.416960
18.651930 996.884480 212.782080
18.658490 979.353600 128.225280
18.665210 1029.468160 159.329280
18.673370 1028.382720 142.556160
18.678810 1050.603520 171.463680
18.685430 1048.023040 153.108480
18.698840 1073.541120 154.352640
18.705230 1064.529920 136.028160
18.718770 1001.062400 148.224000
18.725720 986.071040 165.150720
18.739000 1016.934400 193.428480
18.745570 1055.703040 184.949760
18.759160 1013.985280 105.523200
18.765660 1006.039040 102.942720
18.779250 1007.575040 135.767040
18.792320 994.242560 144.983040
18.799240 948.940800 150.758400
18.805860 1036.840960 119.792640
18.819340 1063.342080 139.422720
18.825940 1061.314560 124.692480
18.832640 1061.847040 110.883840
18.839470 1003.315200 166.149120
18.846040 1002.270720 152.924160
18.852750 1000.714240 147.947520
18.859660 1081.528320 109.317120
18.866140 1065.328640 108.625920
18.879640 1027.665920 69.166080
18.886240 1022.935040 78.336000
18.895400 1023.877120 109.486080
18.899560 1005.629440 218.296320
18.906520 1072.783360 226.068480
18.913110 1074.176000 230.630400
18.919800 1046.056960 239.247360
18.933200 1049.272320 216.391680
18.939820 1024.368640 216.407040
18.946810 1010.503680 193.136640
18.953300 1009.295360 176.670720
18.959950 1046.835200 156.149760
18.966870 1037.926400 151.541760
18.980180 1015.275520 231.091200
18.986700 990.965760 225.684480
19.004480 1021.911040 215.854080
19.013580 1021.583360 200.417280
19.020210 996.024320 190.402560
19.027080 991.518720 184.811520
19.040360 977.838080 180.449280
19.047210 951.930880 186.193920
19.060480 940.830720 193.152000
19.071150 938.700800 182.138880
19.080690 937.328640 227.235840
19.087380 1001.041920 195.502080
19.100690 974.745600 195.793920
19.123280 969.154560 205.194240
19.132720 950.886400 219.402240
19.135160 942.612480 241.305600
19.141040 994.099200 221.936640
19.147450 974.745600 156.241920
19.155300 974.929920 168.130560
19.161050 1026.396160 168.069120
19.167570 1008.066560 199.941120
19.174360 1009.418240 204.487680
19.180980 980.623360 172.139520
19.187650 976.486400 102.881280
19.203630 995.143680 96.445440
19.209070 989.204480 86.046720
19.214440 987.975680 81.177600
19.224400 1006.919680 265.559040
19.227720 1012.285440 375.014400
19.234710 1013.657600 379.253760
19.241240 994.611200 273.285120
19.248840 996.577280 281.671680
19.261360 982.978560 300.410880
19.268070 983.306240 267.479040
19.274810 981.872640 251.612160
19.281450 983.879680 238.110720
19.288130 978.391040 248.325120
19.301740 987.709440 223.257600
19.308250 991.948800 216.084480
19.321900 999.505920 168.545280
19.331760 1000.161280 179.758080
19.338490 1000.284160 166.594560
19.344010 1002.106880 131.020800
19.348590 1008.271360 114.662400
19.355120 1006.735360 109.363200
19.361870 999.137280 103.004160
19.375300 1019.760640 127.134720
19.381900 1008.988160 101.544960
19.389070 1001.308160 121.159680
19.395290 1002.700800 139.760640
19.402020 987.914240 173.015040
19.408840 982.528000 198.973440
19.422510 958.545920 209.832960
19.429400 994.508800 182.922240
19.455410 995.840000 199.557120
19.458300 997.273600 204.364800
19.462120 993.320960 212.828160
19.475680 993.382400 203.013120
19.483250 1030.737920 204.994560
19.489250 996.065280 184.857600
19.495770 994.734080 168.422400
19.502470 965.980160 144.122880
19.509270 959.631360 138.117120
19.530770 1032.273920 107.934720
19.536120 1032.069120 120.161280
19.542670 1022.873600 159.006720
19.552000 1079.500800 152.478720
19.562880 1080.770560 157.025280
19.565420 1061.990400 151.802880
19.580350 1052.078080 159.713280
19.582790 1030.922240 230.492160
19.589600 1024.593920 213.688320
19.596420 1023.488000 197.452800
19.602930 998.993920 151.418880
19.609700 988.897280 148.823040
19.616440 988.856320 160.742400
19.623900 976.936960 269.291520
19.629720 971.735040 272.931840
19.636630 973.148160 277.232640
19.643120 1013.964800 282.270720
19.649890 1020.723200 361.958400
19.663510 1017.835520 365.352960
19.670710 1010.237440 358.917120
19.676800 1009.008640 343.833600
19.683550 1005.875200 341.637120
19.690080 1014.169600 344.171520
19.703240 1008.803840 263.255040
19.710130 1014.026240 198.190080
19.723500 1032.826880 135.336960
19.730260 967.229440 121.175040
19.743660 978.903040 159.221760
19.750300 997.089280 184.780800
19.757150 998.400000 201.338880
19.785480 1007.022080 209.372160
19.791230 860.405760 174.935040
19.795060 904.355840 228.264960
19.797630 906.055680 229.186560
19.803930 931.512320 191.815680
19.810820 925.900800 176.286720
19.817340 923.975680 159.375360
19.824140 930.406400 148.377600
19.830660 930.672640 112.957440
19.837350 928.849920 95.938560
19.844110 936.591360 171.740160
19.850910 932.372480 188.160000
19.871070 948.490240 76.308480
19.884190 892.211200 93.312000
19.891190 892.907520 94.172160
19.904970 944.046080 119.562240
19.911030 961.167360 186.593280
19.924660 560.988160 497.740800
19.931140 638.443520 504.775680
19.944510 658.001920 506.342400
19.952700 662.609920 393.384960
19.964800 692.142080 518.952960
19.971330 688.373760 514.513920
19.977920 690.114560 524.559360
19.984640 678.461440 463.534080
19.991380 684.544000 416.471040
20.000310 686.448640 420.587520
20.004820 674.140160 337.290240
20.011580 685.895680 356.244480
20.024910 695.214080 383.232000
20.031610 686.120960 362.096640
20.038500 684.216320 357.657600
20.046850 632.668160 358.686720
20.051670 639.221760 383.232000
20.058530 641.351680 387.655680
20.065090 596.295680 407.669760
20.071770 600.289280 397.163520
20.085200 642.539520 409.297920
20.099590 638.484480 394.229760
20.105230 664.330240 396.518400
20.112050 665.456640 373.248000
20.125410 639.815680 376.673280
20.132080 648.519680 367.365120
20.145560 660.459520 427.868160
20.152240 658.862080 425.871360
20.165600 788.500480 444.456960
20.172270 800.686080 483.302400
20.194850 715.550720 438.512640
20.207830 713.871360 426.839040
20.211920 787.537920 363.340800
20.214530 773.775360 302.392320
20.218970 773.099520 308.551680
20.225890 778.055680 275.543040
20.235620 771.358720 289.505280
20.239290 773.099520 293.821440
20.246130 760.934400 288.860160
20.252630 761.999360 298.859520
20.259400 765.460480 316.431360
20.272770 767.078400 341.698560
20.281070 764.006400 326.323200
20.286120 789.319680 389.498880
20.293020 786.657280 410.480640
20.306280 761.733120 469.662720
20.316110 753.377280 393.830400
20.327810 755.548160 271.395840
20.333100 745.594880 355.415040
20.339720 747.110400 366.366720
20.346450 736.788480 489.277440
20.353170 762.224640 484.101120
20.359950 765.337600 498.462720
20.366590 731.525120 468.065280
20.375260 699.105280 470.922240
20.379910 698.900480 463.165440
20.386850 813.506560 486.113280
20.393310 814.059520 462.981120
20.400200 810.577920 454.594560
20.413470 694.497280 459.125760
20.439710 764.968960 436.346880
20.443910 764.846080 443.765760
20.447450 873.410560 442.536960
20.453610 819.077120 448.711680
20.460300 824.053760 462.443520
20.466980 813.813760 496.035840
20.473900 896.081920 508.200960
20.480660 894.668800 504.391680
20.487250 789.688320 525.987840
20.493800 768.921600 528.245760
20.500540 767.467520 517.862400
20.507290 777.666560 506.357760
20.527370 759.418880 481.244160
20.544660 775.495680 444.856320
20.547200 772.444160 430.248960
20.554270 784.158720 507.479040
20.567700 771.481600 411.985920
20.574560 793.456640 453.504000
20.580850 794.624000 463.825920
20.587720 821.719040 519.429120
20.594300 833.044480 487.772160
20.600940 835.624960 502.056960
20.607910 882.954240 459.863040
20.614340 1100.369920 325.340160
20.621010 1101.475840 329.717760
20.627940 1122.201600 285.219840
20.634490 1181.798400 199.741440
20.643680 1181.900800 183.183360
20.647830 1087.815680 182.184960
