0.000000 964.546560 207.667200
0.004220 1013.145600 244.638720
0.013370 1014.394880 261.027840
0.026290 989.634560 310.917120
0.036020 977.756160 287.907840
0.053440 974.336000 291.409920
0.057710 969.441280 300.917760
0.064250 955.944960 264.729600
0.069950 954.265600 248.570880
0.077920 978.821120 195.778560
0.084680 976.670720 176.025600
0.093300 975.175680 159.575040
0.096330 977.162240 102.297600
0.103120 979.415040 188.974080
0.109910 979.804160 200.417280
0.116430 934.809600 386.396160
0.123190 901.140480 290.749440
0.129900 902.328320 295.265280
0.137150 907.714560 362.880000
0.145520 926.228480 372.111360
0.156670 939.970560 360.314880
0.163430 889.118720 331.653120
0.170010 887.787520 327.398400
0.177060 896.778240 272.517120
0.183910 896.409600 308.736000
0.190430 898.519040 324.341760
0.197020 924.119040 274.897920
0.203490 920.924160 301.946880
0.210500 922.214400 306.339840
0.217120 898.211840 274.498560
0.223810 904.929280 275.466240
0.231340 902.860800 259.353600
0.237210 894.136320 223.564800
0.243890 899.686400 201.000960
0.252750 897.597440 184.642560
0.257080 872.202240 186.608640
0.263980 863.457280 179.496960
0.278090 868.823040 150.835200
0.284090 867.901440 153.738240
0.297470 913.121280 162.585600
0.304180 965.816320 140.974080
0.317590 944.701440 272.102400
0.324930 939.130880 195.363840
0.337690 915.783680 188.712960
0.344380 844.861440 181.171200
0.357610 972.922880 518.169600
0.364240 1042.206720 672.368640
0.377990 1001.390080 612.956160
0.384560 997.273600 590.776320
0.391270 997.416960 600.360960
0.398160 1037.250560 627.133440
0.404440 1013.411840 617.610240
0.411350 1014.620160 630.758400
0.418420 1004.892160 703.488000
0.424700 1006.653440 725.775360
0.431440 1007.964160 738.370560
0.438220 997.150720 758.906880
0.444830 991.866880 744.007680
0.451470 991.518720 734.991360
0.458350 981.278720 742.103040
0.489700 977.817600 736.619520
0.494490 960.389120 776.217600
0.497290 958.750720 764.190720
0.499710 974.151680 622.494720
0.505040 966.430720 691.338240
0.512050 964.464640 681.768960
0.518480 915.230720 710.830080
0.525160 923.217920 707.312640
0.538520 906.895360 642.478080
0.545250 898.048000 682.967040
0.558830 978.493440 703.964160
0.565310 1029.509120 696.176640
0.572200 1029.591040 704.993280
0.580600 1037.598720 709.416960
0.585280 1024.901120 733.639680
0.592310 1026.048000 745.866240
0.598860 1011.732480 684.072960
0.605570 1001.431040 827.412480
0.612440 1002.516480 830.561280
0.618960 1037.066240 753.285120
0.625840 1019.658240 777.615360
0.632320 1018.470400 765.527040
0.639020 1049.702400 704.686080
0.645900 1016.729600 685.931520
0.654020 1015.541760 673.428480
0.659110 978.493440 680.294400
0.666010 981.401600 554.081280
0.679200 1027.870720 130.160640
0.687840 998.809600 48.122880
0.692440 999.096320 60.779520
0.701360 998.359040 191.278080
0.706080 1002.967040 251.765760
0.712880 1003.970560 256.097280
0.719380 976.445440 233.994240
0.726210 975.728640 234.516480
0.739500 948.797440 285.987840
0.748270 971.857920 275.143680
0.753100 970.321920 259.445760
0.759600 960.532480 281.533440
0.766280 936.529920 253.854720
0.779620 1009.418240 252.134400
0.786380 981.667840 258.493440
0.800460 1020.293120 280.657920
0.806410 1014.067200 270.274560
0.813240 1014.210560 281.594880
0.819920 971.345920 120.023040
0.826630 1019.392000 75.694080
0.833260 1020.395520 80.593920
0.843140 978.247680 72.407040
0.846720 1001.185280 73.328640
0.860050 1000.058880 106.844160
0.866750 1009.397760 144.261120
0.873650 1008.148480 127.564800
0.880220 1006.714880 97.167360
0.889830 977.612800 139.392000
0.900430 905.441280 184.719360
0.907260 941.404160 210.462720
0.920460 977.305600 225.192960
0.927090 986.603520 216.084480
0.942550 987.566080 237.864960
0.947160 1051.217920 257.740800
0.960510 961.556480 231.106560
0.967400 1037.393920 211.968000
0.989630 980.008960 141.265920
1.006830 975.360000 118.579200
1.045420 1002.291200 124.400640
1.047790 1030.021120 138.101760
1.061000 988.405760 116.367360
1.067890 991.477760 113.402880
1.081150 929.484800 145.751040
1.087970 926.617600 88.488960
1.101190 905.748480 106.936320
1.108060 929.239040 105.369600
1.122650 861.122560 123.617280
1.129810 884.858880 225.914880
1.141550 840.642560 172.001280
1.148070 801.546240 157.056000
1.154790 802.877440 169.082880
1.161690 834.252800 190.202880
1.169340 843.530240 182.876160
1.175040 846.049280 199.511040
1.181670 852.971520 265.374720
1.188260 898.048000 334.940160
1.195140 899.358720 339.210240
1.201660 896.839680 304.312320
1.208350 906.772480 311.562240
1.216160 904.704000 295.741440
1.221730 780.144640 317.598720
1.230330 774.881280 283.822080
1.236620 771.850240 268.108800
1.241700 770.211840 219.202560
1.248550 774.287360 258.401280
1.262780 802.099200 219.248640
1.275290 768.716800 245.084160
1.282030 808.079360 217.205760
1.288830 802.570240 251.320320
1.302130 825.016320 250.506240
1.309910 856.965120 154.260480
1.315500 855.572480 140.958720
1.322290 854.671360 139.054080
1.328900 822.722560 94.863360
1.335620 821.288960 89.502720
1.345200 850.554880 117.073920
1.348850 867.123200 149.437440
1.362630 867.041280 225.438720
1.369130 869.498880 206.100480
1.375810 873.267200 235.299840
1.382500 930.344960 225.438720
1.389220 1051.955200 174.105600
1.395930 767.139840 240.798720
1.405980 518.389760 1127.178240
1.416320 1101.475840 805.678080
1.584250 816.926720 85.662720
1.603380 834.252800 51.148800
1.610080 827.146240 66.247680
1.623480 845.844480 90.055680
1.630270 906.567680 52.300800
1.637450 905.912320 38.200320
1.697250 801.730560 9.262080
1.704110 766.402560 16.604160
1.710700 834.969600 78.028800
1.717400 834.969600 78.028800
1.731400 817.848320 15.528960
1.744280 799.293440 29.429760
1.750920 805.847040 58.122240
1.764470 757.227520 33.930240
1.770980 758.210560 61.839360
1.785860 803.819520 49.075200
1.790930 795.709440 60.518400
1.804690 832.716800 48.522240
1.811180 1052.938240 130.575360
1.826020 1081.057280 191.539200
1.831460 1051.729920 171.632640
1.844750 1054.474240 131.450880
1.851330 1064.140800 95.969280
1.864760 1082.634240 98.181120
1.872150 1087.303680 118.179840
1.878140 1086.853120 130.237440
1.886720 1019.371520 151.234560
1.895230 1105.408000 176.962560
1.900490 1105.899520 193.505280
1.905400 1055.150080 248.094720
1.911940 1044.193280 230.707200
1.920020 1045.196800 247.203840
1.925440 1068.277760 283.392000
1.931890 1070.981120 288.476160
1.945220 1081.118720 292.761600
1.951930 1088.163840 263.009280
1.966250 1062.010880 266.695680
1.972090 1107.128320 285.788160
1.985330 1109.217280 291.901440
1.992150 1099.223040 291.363840
2.005270 1101.209600 240.783360
2.012910 1100.492800 285.143040
2.025380 1091.379200 278.353920
2.032360 1086.525440 294.251520
2.045680 1094.594560 308.490240
2.052300 1164.165120 316.308480
2.065790 1034.403840 321.745920
2.072480 1085.419520 309.058560
2.085800 1151.016960 329.318400
2.092710 1140.961280 312.391680
2.099190 1141.698560 300.779520
2.110830 1139.036160 285.957120
2.113150 1079.132160 280.043520
2.119310 1078.394880 264.069120
2.126060 1109.463040 284.789760
2.132900 1026.252800 258.585600
2.139370 1025.310720 254.223360
2.146240 1062.993920 294.005760
2.155090 1067.171840 289.597440
2.164880 1068.032000 293.882880
2.168680 1076.080640 274.053120
2.173230 1075.712000 266.926080
2.186360 1095.720960 262.287360
2.193250 1105.612800 241.827840
2.201800 1105.100800 225.976320
2.206730 1058.222080 165.964800
2.215370 1064.611840 164.229120
2.224130 1064.407040 175.979520
2.227160 1074.073600 200.755200
2.233500 1078.272000 234.347520
2.239830 1078.988800 250.429440
2.247200 1079.439360 270.213120
2.253240 1090.621440 297.984000
2.260160 1091.256320 313.912320
2.266650 1076.715520 319.626240
2.273430 1072.373760 329.472000
2.286780 1071.431680 343.756800
2.293970 1040.322560 314.265600
2.300340 1040.343040 302.668800
2.306840 1093.263360 289.044480
2.313570 1090.744320 286.356480
2.326490 1090.129920 270.397440
2.338730 1051.873280 256.343040
2.349630 1053.204480 162.401280
2.354410 1085.747200 144.107520
2.360420 1084.129280 143.416320
2.374040 1100.185600 201.338880
2.380510 1100.738560 217.651200
2.388090 1127.628800 252.195840
2.393910 1121.464320 285.035520
2.400570 1121.853440 301.056000
2.407440 1146.347520 340.239360
2.414030 1147.330560 353.418240
2.427580 1155.829760 345.615360
2.441240 1165.189120 352.788480
2.447520 1108.152320 349.747200
2.454180 1102.049280 327.244800
2.460860 1101.516800 311.623680
2.467710 1097.891840 300.088320
2.474270 1096.581120 291.624960
2.481330 1096.007680 276.080640
2.487670 1080.791040 261.734400
2.494560 1131.212800 193.566720
2.501080 1130.639360 205.286400
2.507710 1122.099200 270.028800
2.514670 1106.063360 179.589120
2.521180 1106.554880 196.070400
2.528940 1103.339520 284.866560
2.534770 1079.971840 301.102080
2.542330 1080.934400 305.464320
2.554670 1065.820160 327.475200
2.561350 1064.816640 323.389440
2.568060 1099.653120 290.396160
2.575280 1106.350080 316.492800
2.588340 1127.895040 321.699840
2.594860 1140.019200 318.028800
2.601550 1140.244480 333.757440
2.608440 1120.665600 355.537920
2.614990 1120.358400 354.140160
2.628520 1106.186240 352.097280
2.635040 1100.472320 401.525760
2.650650 1116.344320 365.721600
2.657640 1112.064000 344.939520
2.669120 1114.316800 357.488640
2.675110 1115.893760 322.129920
2.688760 1061.642240 307.845120
2.695530 1065.267200 359.731200
2.702110 1065.492480 348.288000
2.708920 1078.722560 308.643840
2.715480 1011.138560 277.079040
2.722130 1009.889280 260.981760
2.728940 1089.228800 241.597440
2.735580 1083.719680 254.837760
2.742390 1083.043840 239.001600
2.749140 1084.661760 300.241920
2.755680 1088.348160 259.338240
2.769270 1111.183360 167.715840
2.775700 1110.958080 167.316480
2.782610 1110.425600 179.066880
2.789060 1042.841600 346.152960
2.795880 991.969280 207.375360
2.802700 993.320960 223.733760
2.809190 988.753920 302.254080
2.816100 1018.101760 241.413120
2.822590 1019.289600 257.879040
2.829370 1019.310080 404.444160
2.836140 1020.416000 353.326080
2.849440 1079.050240 311.685120
2.856250 1058.283520 322.160640
2.869710 1056.768000 338.288640
2.876130 1070.264320 308.628480
2.889520 1051.115520 289.413120
2.896350 1050.071040 283.776000
2.903590 1050.214400 271.948800
2.909760 1056.972800 335.616000
2.916490 1060.782080 313.666560
2.923180 1059.921920 297.953280
2.929740 1041.776640 312.099840
2.936670 1047.982080 285.603840
2.943150 1047.040000 269.998080
2.949910 1029.939200 152.570880
2.956750 1022.955520 261.288960
2.970060 1023.057920 171.648000
2.978180 1024.409600 217.804800
2.984370 1024.409600 217.804800
2.990320 1018.880000 220.953600
2.996780 1028.444160 155.765760
3.010220 1027.399680 128.486400
3.016850 1038.622720 134.784000
3.030230 1044.008960 208.727040
3.037130 1038.868480 202.536960
3.050320 1049.190400 203.351040
3.057230 1003.192320 209.971200
3.070440 1012.940800 208.512000
3.077330 1020.928000 209.203200
3.083810 1020.928000 209.203200
3.101500 1037.107200 202.152960
3.110460 1051.156480 204.564480
3.117420 1001.369600 209.909760
3.130690 1034.997760 202.905600
3.137590 1027.911680 212.812800
3.144110 1027.891200 224.501760
3.150750 1043.148800 308.413440
3.157630 1046.138880 319.226880
3.164150 1047.080960 334.679040
3.170890 1040.138240 333.450240
3.177770 1039.564800 357.135360
3.184220 1040.588800 372.648960
3.190980 1067.171840 309.227520
3.197790 1149.399040 360.038400
3.204220 1150.054400 348.718080
3.211080 1132.380160 331.438080
3.217780 1134.714880 345.384960
3.224670 1134.428160 329.963520
3.231160 1134.858240 368.071680
3.238010 1050.869760 317.936640
3.244570 1049.948160 313.866240
3.251250 1102.807040 324.142080
3.258090 1041.571840 320.040960
3.264640 1042.575360 335.431680
3.271360 1041.121280 349.271040
3.278590 1043.660800 384.368640
3.284740 1044.582400 388.392960
3.291450 1090.908160 382.049280
3.298360 1100.492800 377.364480
3.306260 1099.591680 373.340160
3.311490 1101.393920 309.304320
3.318400 985.374720 323.343360
3.331640 1050.562560 255.390720
3.338520 1121.607680 356.183040
3.345040 1121.996800 371.650560
3.351760 1099.223040 320.286720
3.358640 1113.436160 311.854080
3.365130 1114.378240 286.832640
3.371830 1072.046080 364.032000
3.378520 1082.880000 277.616640
3.385410 1081.425920 244.469760
3.391930 1074.892800 270.504960
3.398460 1071.144960 257.633280
3.405500 1069.588480 225.592320
3.412010 1062.256640 154.936320
3.422280 1056.501760 166.533120
3.425420 1056.235520 179.112960
3.432130 1017.610240 226.544640
3.438800 1045.790720 227.051520
3.445510 1046.794240 244.193280
3.452360 1005.977600 254.392320
3.458940 1039.626240 208.358400
3.465680 1040.711680 226.053120
3.472510 1058.631680 244.193280
3.479080 1014.292480 249.077760
3.492900 1046.405120 229.877760
3.499380 1046.548480 263.147520
3.522900 1068.175360 244.730880
3.532980 1080.627200 205.009920
3.540130 1075.425280 230.200320
3.553320 1084.784640 189.342720
3.559580 1071.022080 130.191360
3.572800 1078.312960 215.823360
3.579610 1072.455680 186.117120
3.592870 1071.759360 178.314240
3.600650 1068.032000 138.455040
3.613020 1072.148480 172.800000
3.619930 1078.599680 159.974400
3.634040 1070.223360 133.662720
3.640020 1090.048000 177.377280
3.653360 1069.219840 79.319040
3.659830 1087.180800 99.287040
3.673360 1042.329600 220.262400
3.680000 1068.523520 318.182400
3.693730 1233.387520 498.493440
3.700020 1273.876480 679.833600
3.706790 1275.453440 669.864960
3.713710 1241.907200 783.820800
3.720130 1241.743360 712.396800
3.726900 1240.965120 708.848640
3.733730 1267.875840 585.861120
3.760110 1273.692160 742.871040
3.776140 1224.478720 642.278400
3.780410 1236.439040 631.633920
3.788200 1235.189760 641.402880
3.793870 1257.676800 840.975360
3.800500 1244.733440 820.546560
3.813920 1248.215040 836.889600
3.820600 1266.012160 861.987840
3.827500 1265.233920 874.076160
3.835480 1283.829760 879.436800
3.843090 1316.618240 839.101440
3.856180 1328.066560 852.771840
3.867250 1296.896000 855.383040
3.881840 1264.476160 775.280640
3.894280 1267.650560 780.426240
3.901100 1276.538880 772.930560
3.914370 1309.245440 824.847360
3.920980 1255.526400 823.434240
3.934470 1331.855360 808.350720
3.941290 1396.428800 742.041600
3.954560 1391.063040 709.002240
3.961250 1372.876800 752.010240
3.977000 1416.622080 723.271680
3.981360 1450.332160 727.618560
3.988230 1453.015040 717.788160
3.994750 1351.475200 755.466240
4.001450 1357.660160 727.864320
4.008350 1359.175680 714.792960
4.014830 1400.217600 679.879680
4.022670 1386.127360 681.323520
4.028240 1385.574400 677.821440
4.034940 1429.094400 619.699200
4.041840 1439.846400 718.571520
4.048310 1437.675520 731.473920
4.055170 1469.931520 636.825600
4.061740 1436.037120 728.878080
4.069130 1433.845760 742.010880
4.077520 1487.073280 720.107520
4.081680 1416.622080 792.376320
4.095400 1438.965760 614.169600
4.101910 1460.633600 389.760000
4.115530 1464.627200 420.372480
4.122010 1470.566400 462.981120
4.135590 1362.411520 456.376320
4.142110 1364.520960 441.830400
4.155600 1405.808640 422.200320
4.162670 1390.694400 422.922240
4.168950 1386.557440 442.659840
4.175830 1403.535360 488.048640
4.184330 1421.107200 550.179840
4.188960 1417.379840 576.199680
4.195930 1405.337600 618.009600
4.202380 1400.688640 643.353600
4.211160 1397.125120 669.112320
4.215770 1409.495040 705.792000
4.222660 1373.532160 734.085120
4.235890 1426.288640 713.610240
4.242770 1420.554240 718.848000
4.249330 1425.080320 700.170240
4.260060 1395.240960 555.141120
4.269730 1388.195840 579.133440
4.272620 1391.472640 552.821760
4.276270 1435.463680 508.354560
4.289500 1437.020160 489.108480
4.296010 1394.565120 524.789760
4.305130 1389.158400 506.941440
4.309550 1387.479040 520.750080
4.316460 1415.168000 535.818240
4.322930 1402.736640 610.959360
4.329860 1400.934400 624.230400
4.336350 1411.112960 553.559040
4.343050 1385.144320 542.622720
4.356450 1349.263360 573.588480
4.363150 1357.905920 572.851200
4.376700 1345.331200 612.602880
4.383230 1358.376960 615.521280
4.402920 1411.891200 603.187200
4.410040 1406.320640 521.210880
4.416720 1397.002240 618.808320
4.423360 1390.817280 594.831360
4.436860 1421.885440 569.395200
4.445460 1427.988480 559.380480
4.456930 1432.023040 555.110400
4.463760 1436.999680 545.218560
4.470310 1439.395840 534.881280
4.477010 1432.371200 509.399040
4.483890 1432.616960 509.660160
4.490690 1434.644480 495.697920
4.497090 1433.866240 488.478720
4.503980 1419.960320 513.991680
4.512220 1421.844480 500.352000
4.517050 1480.089600 359.884800
4.524170 1463.070720 378.485760
4.537560 1444.986880 410.311680
4.544210 1454.510080 393.569280
4.557370 1437.962240 417.822720
4.564220 1515.683840 404.352000
4.577480 1496.432640 431.554560
4.586870 1510.236160 431.677440
4.597660 1519.370240 413.875200
4.604510 1509.191680 425.794560
4.620830 1501.941760 422.999040
4.624200 1495.490560 448.112640
4.639730 1481.277440 455.900160
4.644520 1455.575040 446.607360
4.658000 1445.724160 408.637440
4.664590 1436.426240 413.767680
4.671250 1438.986240 402.032640
4.679940 1452.851200 373.954560
4.684720 1447.915520 349.578240
4.691700 1447.587840 345.400320
4.698060 1425.141760 352.465920
4.704830 1452.380160 363.601920
4.718140 1445.048320 372.264960
4.750990 1433.251840 381.465600
4.755490 1431.060480 397.440000
4.758230 1465.753600 386.257920
4.765020 1471.631360 405.949440
4.778600 1485.926400 429.972480
4.785260 1491.476480 430.356480
4.791830 1488.916480 440.755200
4.798710 1469.992960 423.705600
4.805200 1497.681920 431.185920
4.811910 1495.162880 445.486080
4.819820 1477.201920 416.670720
4.825310 1438.289920 458.158080
4.834080 1436.200960 472.581120
4.839930 1408.327680 435.271680
4.845280 1401.671680 479.001600
4.858790 1394.114560 509.583360
4.866620 1392.967680 533.529600
4.878930 1406.382080 486.021120
4.885580 1409.658880 542.699520
4.898990 1419.857920 556.462080
4.905690 1396.244480 535.203840
4.919080 1353.850880 551.255040
4.925720 1398.743040 521.625600
4.939170 1397.760000 533.975040
4.947480 1390.346240 518.000640
4.960200 1380.802560 540.456960
4.965960 1414.860800 512.977920
4.979350 1389.608960 563.374080
4.986100 1368.821760 580.454400
4.999450 1364.602880 560.363520
5.006430 1401.896960 549.857280
5.019660 1389.486080 532.531200
5.026500 1438.433280 552.145920
5.039840 1439.723520 572.912640
5.046350 1434.255360 555.571200
5.061270 1451.520000 531.379200
5.066620 1432.309760 539.320320
5.079890 1464.156160 528.552960
5.086530 1417.646080 525.603840
5.101100 1463.193600 513.116160
5.106640 1372.712960 496.896000
5.113550 1370.890240 506.434560
5.120020 1357.434880 573.373440
5.126920 1368.678400 570.731520
5.133420 1371.095040 563.650560
5.140200 1401.610240 499.998720
5.147950 1399.029760 460.846080
5.153510 1400.832000 446.192640
5.162030 1403.023360 485.160960
5.167060 1407.119360 454.394880
5.173460 1410.560000 427.361280
5.180390 1428.725760 447.482880
5.187070 1487.278080 451.507200
5.193870 1484.759040 461.859840
5.200590 1463.009280 503.715840
5.207080 1465.303040 487.265280
5.213850 1465.466880 490.752000
5.220710 1444.044800 468.464640
5.227200 1419.448320 462.842880
5.250690 1448.591360 569.994240
5.254440 1448.263680 566.584320
5.260650 1349.775360 757.923840
5.267610 1310.085120 887.024640
5.278140 1310.515200 889.835520
5.281000 1264.640000 1061.007360
5.290000 1331.957760 1158.789120
5.294250 1330.298880 1165.255680
5.300850 1287.761920 1425.223680
5.307840 1291.059200 1465.973760
5.314270 1294.520320 1455.682560
5.321030 1289.768960 1359.774720
5.327870 1307.934720 1316.136960
5.339230 1305.825280 1319.347200
5.343100 1319.055360 1322.204160
5.347730 1354.772480 1324.247040
5.354840 1356.615680 1318.778880
5.361290 1338.388480 1412.889600
5.367900 1357.475840 1401.753600
5.374850 1355.919360 1409.510400
5.388310 1312.788480 1482.577920
5.399120 1313.832960 1476.249600
5.421550 1342.177280 1502.376960
5.430160 1337.712640 1389.143040
5.441660 1434.542080 1343.523840
5.455010 1348.792320 1332.756480
5.461960 1360.977920 1375.057920
5.468390 1386.311680 1356.564480
5.481800 1308.835840 1370.065920
5.490820 1349.263360 1393.029120
5.501700 1337.774080 1229.260800
5.508710 1359.933440 1331.020800
5.515210 1360.465920 1333.263360
5.523080 1376.071680 1341.358080
5.528850 1387.069440 1267.983360
5.548700 1341.849600 1335.997440
5.555420 1343.098880 1328.563200
5.562240 1369.477120 1331.466240
5.568720 1389.342720 1321.943040
5.582720 1416.826880 1329.500160
5.589100 1399.521280 1433.856000
5.602200 1392.701440 1316.060160
5.610560 1372.119040 1338.516480
5.622500 1372.528640 1339.269120
5.629260 1363.312640 1345.198080
5.642700 1329.274880 1483.054080
5.649150 1400.565760 1319.777280
5.669340 1366.937600 1400.678400
5.675930 1372.323840 1393.966080
5.899800 1263.247360 893.137920
5.903530 1251.532800 923.089920
5.910220 1268.264960 951.613440
5.917000 1266.135040 969.953280
5.923850 1285.140480 1026.524160
5.931960 1249.710080 1073.341440
5.937000 1248.460800 1093.294080
5.944660 1268.224000 1102.940160
5.950420 1285.591040 1104.138240
5.957100 1284.710400 1113.630720
5.963800 1244.999680 1121.203200
5.970670 1267.507200 1125.580800
5.977350 1269.022720 1118.653440
5.983920 1209.528320 1056.983040
5.991330 1207.050240 1098.332160
5.997520 1205.268480 1102.264320
6.004010 1266.032640 1087.764480
6.010870 1269.125120 1154.949120
6.017560 1271.173120 1150.064640
6.024360 1336.115200 1089.361920
6.030950 1325.772800 1108.807680
6.044540 1320.140800 1121.710080
6.051040 1290.670080 1081.927680
6.064570 1294.663680 1056.076800
6.071150 1269.043200 1034.726400
6.093650 1367.695360 1131.125760
6.105220 1360.056320 1118.945280
6.111960 1297.305600 1138.467840
6.118090 1295.872000 1145.011200
6.124980 1277.992960 1149.127680
6.138180 1316.413440 1176.514560
6.146200 1333.985280 1146.470400
6.152490 1360.302080 1162.920960
6.158270 1358.376960 1169.479680
6.165130 1368.166400 1161.722880
6.171680 1344.061440 1179.863040
6.178770 1345.884160 1173.381120
6.185050 1320.755200 1159.664640
6.191840 1350.758400 1180.262400
6.205030 1282.990080 1181.076480
6.211980 1322.885120 1164.702720
6.218500 1322.414080 1162.444800
6.225580 1304.944640 1174.502400
6.232090 1342.791680 1157.867520
6.238650 1341.501440 1166.699520
6.245410 1335.828480 1117.056000
6.260760 1295.196160 1134.796800
6.262910 1294.233600 1144.043520
6.265570 1281.392640 1141.800960
6.272040 1284.341760 1141.232640
6.285480 1283.584000 1128.837120
6.292400 1345.822720 1129.758720
6.305650 1298.493440 1084.707840
6.312480 1291.100160 1101.281280
6.326760 1345.146880 1167.943680
6.332690 1272.688640 1219.169280
6.346140 1323.642880 1211.304960
6.352560 1304.289280 1185.822720
6.371910 1263.636480 1237.063680
6.374720 1237.770240 1227.509760
6.386020 1235.599360 1198.033920
6.392650 1246.412800 1205.237760
6.406130 1256.611840 1196.298240
6.419450 1242.910720 1186.022400
6.426250 1265.356800 1184.348160
6.433080 1257.205760 1173.335040
6.446480 1241.088000 1197.788160
6.452940 1258.926080 1200.721920
6.466860 1257.717760 1223.669760
6.477450 1258.864640 1211.427840
6.486640 1243.955200 1194.270720
6.493130 1295.749120 1209.845760
6.509090 1296.486400 1210.721280
6.514760 1295.155200 1222.502400
6.520300 1295.155200 1222.502400
6.526810 1236.316160 1234.406400
6.533270 1242.890240 1226.311680
6.546740 1230.950400 1209.000960
6.553500 1237.299200 1205.698560
6.560320 1238.609920 1199.278080
6.566790 1286.881280 1168.404480
6.573730 1299.865600 1158.451200
6.580570 1302.712320 1142.046720
6.587290 1253.826560 1187.727360
6.593870 1280.880640 1112.801280
6.600310 1280.942080 1101.296640
6.607060 1300.295680 1232.870400
6.613650 1302.446080 1213.347840
6.626970 1309.286400 1192.412160
6.633850 1318.359040 1205.452800
6.640470 1317.150720 1214.668800
6.648750 1310.863360 1214.254080
6.654350 1269.166080 1189.478400
6.667530 1299.619840 1191.168000
6.673810 1243.811840 1201.751040
6.687490 1251.696640 1181.798400
6.697820 1256.734720 1169.326080
6.707520 1275.043840 1175.393280
6.714350 1236.500480 1174.041600
6.727750 1269.514240 1165.163520
6.734260 1281.966080 1175.485440
6.749180 1321.943040 1177.221120
6.754310 1329.029120 1213.424640
6.767790 1323.581440 1146.147840
6.774470 1339.658240 1141.509120
6.788240 1345.904640 1162.414080
6.794730 1291.857920 1171.952640
6.815360 1282.887680 1125.304320
6.828060 1183.313920 1162.705920
6.834760 887.480320 1236.495360
6.848180 810.168320 1325.137920
6.854810 793.108480 1276.492800
6.868210 827.883520 1284.372480
6.875010 850.964480 1275.432960
6.881840 851.947520 1281.054720
6.888300 846.315520 1159.080960
6.895160 851.619840 1193.487360
6.901700 854.077440 1202.196480
6.910020 881.356800 1227.985920
6.916370 895.918080 1243.668480
6.922000 897.310720 1245.864960
6.928560 904.581120 1235.205120
6.935200 915.066880 1203.778560
6.942090 912.343040 1187.681280
6.948600 869.396480 1237.094400
6.955360 896.962560 1177.697280
6.962130 893.440000 1166.423040
6.968760 892.702720 1159.434240
6.975380 840.847360 1235.097600
6.988770 803.942400 1180.646400
6.995510 829.132800 1204.208640
7.002900 831.979520 1213.639680
7.008970 845.189120 1241.702400
7.036560 846.274560 1234.129920
7.039730 872.570880 1238.814720
7.042580 873.431040 1244.697600
7.055790 871.383040 1262.269440
7.062530 873.697280 1270.471680
7.069280 888.197120 1252.070400
7.076030 898.007040 1268.014080
7.082620 900.177920 1276.339200
7.089450 903.598080 1272.760320
7.096000 918.609920 1305.876480
7.110330 921.169920 1314.585600
7.116040 926.924800 1294.510080
7.122810 924.999680 1286.461440
7.129460 869.744640 1305.937920
7.136870 826.081280 1291.852800
7.142810 822.149120 1277.521920
7.149750 822.169600 1295.907840
7.157100 862.863360 1258.460160
7.162920 860.303360 1249.566720
7.169810 740.843520 1261.424640
7.176330 811.233280 1101.573120
7.183020 809.717760 1099.023360
7.189910 756.633600 1123.845120
7.196430 759.848960 1133.568000
7.203970 763.187200 1143.352320
7.210000 802.160640 1149.158400
7.216510 761.978880 1171.676160
7.223210 765.378560 1181.399040
7.230090 853.708800 1268.689920
7.237330 887.828480 1332.311040
7.251050 814.161920 1337.425920
7.256690 813.813760 1340.405760
7.270280 881.111040 1319.838720
7.276800 876.933120 1312.942080
7.290380 925.900800 1277.245440
7.297350 882.647040 1309.240320
7.310500 894.627840 1330.882560
7.316990 924.917760 1343.692800
7.330580 847.933440 1358.223360
7.337070 783.400960 1371.217920
7.353750 844.656640 1386.101760
7.357030 869.908480 1291.837440
7.370760 895.303680 1298.657280
7.377270 910.008320 1310.223360
7.395840 880.517120 1302.266880
7.411430 949.698560 1238.722560
7.417980 983.941120 1236.756480
7.430930 870.154240 1291.776000
7.439050 843.857920 1271.777280
7.451080 892.006400 1250.810880
7.465590 854.958080 1296.230400
7.470890 903.331840 1265.203200
7.478000 911.953920 1245.265920
7.485320 913.264640 1247.723520
7.491110 897.556480 1199.723520
7.497960 827.289600 1170.124800
7.511260 853.155840 1280.378880
7.517880 862.781440 1189.217280
7.524790 859.340800 1173.488640
7.532140 885.207040 1182.182400
7.538090 880.476160 1194.808320
7.544940 878.940160 1192.135680
7.551450 906.260480 1192.243200
7.558220 903.761920 1191.598080
7.571360 905.461760 1220.305920
7.579100 910.950400 1215.083520
7.585070 913.121280 1224.391680
7.591610 915.476480 1309.900800
7.598340 896.450560 1349.959680
7.605120 897.167360 1355.243520
7.611760 909.332480 1321.251840
7.618410 904.376320 1398.604800
7.626490 906.424320 1405.747200
7.631860 900.116480 1369.681920
7.638490 918.835200 1369.436160
7.645400 920.821760 1376.962560
7.651890 902.594560 1378.176000
7.658670 940.359680 1390.940160
7.665510 938.905600 1379.466240
7.681100 889.262080 1334.860800
7.685230 883.589120 1293.803520
7.692360 914.657280 1241.103360
7.698820 883.671040 1242.439680
7.705560 879.984640 1231.964160
7.712380 882.769920 1211.581440
7.719080 875.130880 1242.378240
7.725650 877.547520 1251.256320
7.732410 904.048640 1288.826880
7.738970 958.668800 1288.366080
7.745680 960.450560 1296.998400
7.752340 937.103360 1308.933120
7.759310 955.105280 1305.093120
7.772660 921.128960 1285.248000
7.779260 932.024320 1321.958400
7.788040 932.659200 1327.472640
7.792390 920.739840 1282.713600
7.799460 926.535680 1328.732160
7.805950 927.703040 1330.821120
7.814730 903.168000 1355.550720
7.819410 966.512640 1379.235840
7.832740 904.110080 1270.871040
7.839470 917.073920 1279.518720
7.846210 915.107840 1271.531520
7.852840 944.885760 1265.571840
7.859910 937.676800 1229.091840
7.872920 874.106880 1293.342720
7.879680 919.306240 1299.333120
7.886400 918.548480 1293.173760
7.892920 888.852480 1344.215040
7.899560 870.195200 1339.146240
7.908790 868.802560 1337.041920
7.913350 892.559360 1306.106880
7.919820 887.705600 1355.658240
7.933350 903.004160 1314.355200
7.939930 974.499840 1324.968960
7.946610 976.138240 1333.294080
7.956420 950.456320 1316.966400
7.960060 938.024960 1325.675520
7.973600 907.776000 1343.585280
7.980080 913.960960 1311.851520
7.993700 781.701120 1267.445760
8.024030 838.041600 1271.208960
8.033520 845.209600 1281.454080
8.040510 832.819200 1309.178880
8.053880 788.295680 1327.165440
8.060760 783.544320 1266.232320
8.074050 772.505600 1300.561920
8.080570 775.557120 1358.085120
8.095650 777.113600 1354.644480
8.105160 773.365760 1324.170240
8.124340 792.555520 1331.988480
8.127300 788.828160 1323.187200
8.141140 780.861440 1307.458560
8.154440 781.434880 1301.345280
8.161010 830.197760 1255.772160
8.174620 749.342720 1169.633280
8.181110 753.909760 1062.958080
8.194610 801.894400 1059.256320
8.201200 803.860480 1100.497920
8.214800 762.818560 1139.082240
8.223040 734.965760 1129.082880
8.234750 723.025920 1098.885120
8.241350 699.330560 1125.626880
8.248170 701.173760 1132.108800
8.254920 697.303040 1079.178240
8.261480 690.688000 1132.538880
8.268300 692.408320 1135.011840
8.274860 751.984640 1106.411520
8.281410 827.269120 1111.050240
8.295060 772.177920 1148.697600
8.301670 744.755200 1120.819200
8.308470 741.498880 1111.557120
8.315050 675.860480 1062.973440
8.321780 679.157760 1128.622080
8.335570 681.328640 1139.343360
8.341750 742.625280 1130.449920
8.355260 717.516800 1068.825600
8.362100 726.507520 1065.277440
8.375290 706.375680 1070.822400
8.382060 708.689920 1068.134400
8.395660 694.251520 1043.665920
8.402140 707.153920 1055.155200
8.415520 710.369280 1133.614080
8.423800 722.145280 1105.059840
8.437810 723.189760 1062.835200
8.444980 738.795520 1063.664640
8.455740 724.561920 1022.607360
8.462360 687.943680 1080.975360
8.475750 688.005120 1038.243840
8.482540 690.278400 1018.106880
8.495850 707.665920 1043.496960
8.502810 720.158720 1018.475520
8.509310 721.817600 1025.694720
8.517550 723.169280 1066.245120
8.522670 724.090880 1057.474560
8.529270 727.511040 1067.335680
8.536190 758.579200 1084.108800
8.542730 684.851200 1119.790080
8.553550 688.660480 1129.374720
8.556020 737.812480 1141.632000
8.564090 715.448320 1143.843840
8.576290 691.445760 1145.564160
8.582920 713.113600 1165.824000
8.589610 713.113600 1165.824000
8.596330 711.127040 1184.931840
8.603190 700.968960 1100.298240
8.610650 698.798080 1093.048320
8.616430 710.656000 961.013760
8.623430 722.001920 978.647040
8.629810 718.479360 968.048640
8.636510 742.338560 1002.270720
8.643380 708.935680 1017.415680
8.649900 705.413120 1007.354880
8.658090 733.163520 986.757120
8.665970 725.504000 1040.471040
8.676780 675.205120 1038.673920
8.683420 653.004800 1053.066240
8.690080 655.216640 1060.085760
8.696910 637.665280 1049.088000
8.704880 684.523520 990.842880
8.710180 688.250880 1001.226240
8.717010 634.408960 1015.050240
8.723580 744.448000 1030.364160
8.730280 746.106880 1033.190400
8.737160 766.894080 1108.853760
8.743680 762.572800 1108.193280
8.750290 759.377920 1098.608640
8.757150 692.736000 1031.347200
8.765580 715.100160 1054.479360
8.770770 711.618560 1044.679680
8.777300 634.798080 995.880960
8.783860 642.887680 998.814720
8.790560 645.222400 1006.018560
8.798100 622.305280 978.001920
8.804150 613.519360 1035.832320
8.810860 617.799680 1045.847040
8.817340 659.435520 1022.730240
8.824230 720.998400 984.038400
8.837450 731.996160 1201.658880
8.844660 715.530240 1355.520000
8.850830 714.199040 1353.984000
9.063270 691.937280 980.244480
9.070210 693.514240 985.758720
9.079230 693.637120 982.886400
9.085480 662.794240 949.724160
9.092840 658.821120 938.818560
9.098540 640.716800 939.156480
9.105550 685.260800 936.867840
9.112050 681.553920 926.131200
9.118760 720.076800 936.330240
9.125450 632.279040 923.427840
9.132150 634.593280 931.123200
9.138790 858.030080 821.821440
9.145560 953.856000 683.504640
9.152440 955.535360 696.161280
9.158940 1046.855680 792.238080
9.165660 1023.590400 838.041600
9.173200 1024.757760 849.699840
9.179050 962.109440 836.720640
9.185920 962.375680 867.993600
9.192420 961.925120 859.284480
9.199180 940.093440 842.004480
9.207290 930.447360 816.153600
9.212390 928.563200 804.357120
9.220070 893.091840 821.821440
9.226240 902.225920 714.501120
9.232730 900.177920 702.151680
9.239550 901.017600 693.964800
9.246020 868.167680 701.675520
9.259460 961.761280 690.969600
9.267100 958.013440 758.415360
9.279590 952.442880 821.007360
9.286310 1015.234560 818.841600
9.299600 985.272320 852.587520
9.306420 986.931200 755.128320
9.319880 980.480000 868.439040
9.326510 987.320320 905.425920
9.339790 999.219200 867.179520
9.346700 999.690240 785.003520
9.361050 986.890240 761.687040
9.366890 1037.066240 714.992640
9.373360 1036.861440 723.824640
9.380150 1051.668480 649.405440
9.386890 993.710080 636.610560
9.393380 995.082240 649.651200
9.400170 992.112640 684.840960
9.411190 993.505280 676.976640
9.415270 994.897920 690.001920
9.424000 994.918400 720.092160
9.442180 1052.385280 740.382720
9.448360 1043.927040 689.510400
9.460360 1022.259200 696.960000
9.467070 1025.290240 702.873600
9.473940 1025.249280 693.550080
9.480440 1007.390720 679.280640
9.487360 1018.163200 765.342720
9.493860 1016.954880 753.146880
9.501810 1030.389760 712.673280
9.507560 1022.586880 730.721280
9.513950 1021.480960 727.541760
9.520640 1044.172800 738.155520
9.529430 1081.978880 663.336960
9.537210 1082.900480 666.869760
9.541500 1021.542400 584.816640
9.549980 960.184320 605.706240
9.567580 980.439040 717.742080
9.574330 978.964480 705.438720
9.580890 990.023680 701.675520
9.587810 1001.226240 722.672640
9.601880 1001.492480 595.814400
9.607840 1025.146880 622.632960
9.621310 1007.636480 649.251840
9.634660 1008.680960 660.203520
9.649480 985.866240 646.456320
9.652060 1011.773440 623.523840
9.661450 1015.848960 650.603520
9.668170 1012.654080 568.811520
9.674770 1012.592640 578.350080
9.681640 976.752640 777.185280
9.689800 1021.440000 803.558400
9.694940 1022.750720 822.973440
9.701650 1038.438400 815.508480
9.708260 1014.988800 820.592640
9.715040 1017.364480 843.463680
9.721620 1015.582720 823.587840
9.728350 1005.649920 782.914560
9.737400 1006.755840 786.017280
9.741820 981.893120 811.653120
9.756330 994.918400 798.320640
9.761730 1036.697600 844.446720
9.768640 1088.204800 777.999360
9.775180 1087.590400 766.832640
9.783430 1037.148160 699.924480
9.788850 1048.350720 677.514240
9.795550 1048.514560 668.190720
9.802000 1049.108480 655.887360
9.809100 1063.383040 620.774400
9.815430 1062.543360 607.426560
9.822280 1064.386560 714.746880
9.830270 1066.516480 679.772160
9.835690 1065.697280 667.207680
9.842160 1021.706240 611.665920
9.849040 1023.959040 686.991360
9.865820 981.729280 678.082560
9.868860 989.204480 740.305920
9.882350 982.323200 648.698880
9.889260 988.221440 678.727680
9.902700 1001.410560 720.476160
9.909330 954.388480 662.108160
9.926340 1048.023040 640.404480
9.930370 1062.625280 563.865600
9.936050 1062.440960 573.557760
9.943010 1041.715200 582.374400
9.949690 1041.920000 596.290560
9.956240 1042.923520 609.576960
9.963170 1031.516160 612.910080
9.986680 1059.840000 773.959680
9.989380 1040.936960 768.476160
9.996510 1042.165760 768.783360
10.003000 856.125440 493.854720
10.009760 778.567680 484.807680
10.017890 775.495680 470.277120
10.023160 693.780480 247.034880
10.030020 736.522240 218.265600
10.036450 733.204480 201.999360
10.043180 749.137920 320.670720
10.050030 733.921280 266.511360
10.069980 724.049920 210.339840
10.086560 792.739840 210.554880
10.090020 780.103680 190.894080
10.103450 760.463360 253.839360
10.110550 749.772800 237.788160
10.123590 737.259520 316.016640
10.130200 652.820480 309.335040
10.143570 733.306880 184.273920
10.150490 727.388160 235.975680
10.156930 729.169920 247.311360
10.163670 723.046400 238.571520
10.170570 731.320320 218.096640
10.177050 734.699520 234.547200
10.185460 724.459520 292.700160
10.192250 758.333440 296.294400
10.197230 759.889920 300.948480
10.203840 646.717440 288.983040
10.210760 689.029120 294.604800
10.217250 685.240320 278.522880
10.224020 690.688000 371.251200
10.230600 663.818240 349.716480
10.237500 659.927040 334.402560
10.244040 687.493120 257.126400
10.250820 726.958080 120.960000
10.264180 660.889600 169.282560
10.270990 654.295040 166.164480
10.284290 649.502720 124.369920
10.291020 662.528000 153.000960
10.304260 662.056960 159.144960
10.311220 660.971520 155.888640
10.324380 710.144000 145.198080
10.331320 711.495680 170.941440
10.348520 684.892160 158.484480
10.352590 686.510080 170.588160
10.364930 695.480320 122.956800
10.371790 671.539200 163.491840
10.384750 699.064320 155.581440
10.391810 674.959360 139.453440
10.412190 677.150720 62.653440
10.425040 680.796160 119.147520
10.431630 634.408960 145.812480
10.445120 650.567680 42.792960
10.451770 655.892480 75.617280
10.465170 640.307200 57.123840
10.471760 642.539520 102.973440
10.485960 674.938880 68.858880
10.492040 659.435520 83.635200
10.505270 666.583040 179.957760
10.519520 670.699520 134.384640
10.548860 633.180160 178.022400
10.552340 658.452480 196.546560
10.565590 680.325120 212.490240
10.572480 710.328320 237.081600
10.585820 728.780800 212.981760
10.592380 678.645760 228.019200
10.605700 741.621760 218.741760
10.612570 721.285120 207.713280
10.633030 774.225920 137.579520
10.645950 695.685120 114.278400
10.652800 704.757760 132.925440
10.666160 665.313280 161.986560
10.672920 663.572480 55.480320
10.686220 669.757440 91.115520
10.693050 685.117440 97.904640
10.706380 693.350400 68.551680
10.713790 710.553600 92.144640
10.726510 711.188480 101.637120
10.732860 694.353920 112.081920
10.746350 685.424640 105.707520
10.753240 682.209280 135.229440
10.766520 664.391680 122.833920
10.773410 703.344640 87.951360
10.786610 743.997440 115.000320
10.793510 763.207680 181.632000
10.807840 764.477440 144.614400
10.813410 767.631360 146.519040
10.826970 724.869120 177.162240
10.833500 744.693760 157.486080
10.847500 735.948800 150.758400
10.855720 740.126720 180.864000
10.867140 741.928960 143.109120
10.873650 729.579520 135.797760
10.887200 715.980800 206.315520
10.893860 719.851520 170.649600
10.910660 703.590400 220.154880
10.915230 691.302400 146.995200
10.927640 689.459200 171.786240
10.934150 689.315840 178.944000
10.959560 671.006720 238.172160
10.967290 659.660800 163.061760
10.974300 683.376640 202.890240
10.987520 671.559680 252.871680
10.994570 670.842880 207.006720
11.007700 732.098560 261.288960
11.014370 673.013760 133.555200
11.027750 658.964480 217.251840
11.034410 688.025600 195.056640
11.054670 947.118080 361.466880
11.063530 947.773440 372.480000
11.067780 914.022400 332.175360
11.074810 928.174080 350.453760
11.081300 930.037760 365.721600
11.088610 924.610560 398.023680
11.094980 895.938560 391.234560
11.101390 898.088960 406.548480
11.108250 896.307200 405.795840
11.114790 915.210240 396.672000
11.128280 940.216320 388.439040
11.135730 950.046720 420.172800
11.148420 944.046080 392.663040
11.154970 939.397120 385.950720
11.168890 931.348480 377.349120
11.174920 881.868800 365.967360
11.182630 880.926720 354.570240
11.188640 865.341440 343.004160
11.195160 803.635200 430.095360
11.201920 802.119680 426.009600
11.208760 928.296960 586.506240
11.215260 1053.757440 517.647360
11.221970 791.470080 575.093760
11.427620 1070.571520 357.288960
11.430140 1082.101760 450.094080
11.436390 1112.207360 470.584320
11.443000 1111.736320 456.145920
11.456550 1088.880640 296.033280
11.462970 1088.245760 280.504320
11.469780 1048.719360 302.960640
11.476660 1049.067520 312.606720
11.489880 1094.819840 260.474880
11.496660 1085.603840 328.550400
11.510720 992.706560 365.491200
11.523590 988.487680 378.762240
11.530060 1065.123840 414.735360
11.536850 1048.207360 371.819520
11.550190 1041.715200 464.517120
11.558880 1065.676800 659.343360
11.563550 1065.390080 668.574720
11.570240 1053.265920 672.691200
11.577070 1057.198080 576.875520
11.583640 1058.058240 590.330880
11.590390 1099.161600 644.997120
11.597030 1121.546240 621.711360
11.613480 1122.447360 625.397760
11.617720 1122.713600 631.034880
11.623840 1122.324480 617.840640
11.630730 1122.918400 662.138880
11.637310 1129.021440 672.384000
11.643940 1128.693760 659.788800
11.653110 1138.688000 646.702080
11.664250 1143.582720 542.100480
11.670830 1114.316800 642.600960
11.677560 1149.296640 557.276160
11.690820 1138.913280 565.816320
11.699780 1158.717440 613.201920
11.711140 1137.070080 627.225600
11.718870 1130.557440 650.649600
11.731050 1117.511680 601.021440
11.737690 1125.580800 553.927680
11.757800 1123.901440 600.023040
11.771200 1141.022720 582.696960
11.777930 1152.798720 585.077760
11.784720 1152.020480 594.785280
11.793530 1143.951360 650.757120
11.798100 1177.231360 639.974400
11.804670 1178.071040 643.322880
11.811460 1181.286400 633.692160
11.818090 1176.555520 667.668480
11.831330 1133.322240 664.888320
11.841130 1048.821760 709.447680
11.844910 1047.654400 706.222080
11.851780 1313.095680 662.246400
11.858330 1219.440640 657.454080
11.865000 1220.423680 660.848640
11.871860 1194.229760 691.123200
11.878370 1253.642240 712.596480
11.891900 1281.146880 708.449280
11.898680 1292.451840 733.808640
11.905160 1293.352960 721.766400
11.912110 1237.483520 742.993920
11.918560 1229.189120 731.750400
11.953890 1289.482240 595.645440
11.965300 1288.171520 623.646720
11.972290 1280.737280 583.357440
11.981840 1274.368000 663.045120
11.992400 1288.110080 568.673280
11.999020 1309.143040 558.965760
12.012460 1230.090240 673.566720
12.019060 1272.954880 645.780480
12.036330 1207.562240 615.674880
12.045530 1165.926400 597.918720
12.056530 1203.548160 612.526080
12.059060 1192.161280 646.671360
12.073430 1215.324160 639.452160
12.079520 1233.735680 646.287360
12.086130 1233.264640 659.066880
12.092730 1247.825920 646.886400
12.099620 1270.620160 690.385920
12.106090 1271.091200 693.688320
12.112960 1206.784000 693.273600
12.120510 1220.096000 654.981120
12.126210 1219.399680 651.678720
12.132840 1222.512640 694.563840
12.139770 1244.508160 693.949440
12.146280 1245.655040 684.610560
12.155000 1217.249280 651.171840
12.159540 1224.785920 596.121600
12.167300 1223.680000 605.721600
12.173070 1235.681280 643.875840
12.180010 1253.826560 599.009280
12.186470 1255.075840 589.440000
12.193200 1273.876480 607.380480
12.200060 1306.808320 545.448960
12.214220 1329.909760 582.850560
12.220150 1290.874880 561.500160
12.226600 1291.776000 548.121600
12.233390 1314.897920 630.021120
12.240270 1258.823680 661.816320
12.246750 1257.553920 670.817280
12.253580 1029.918720 661.294080
12.266180 1032.908800 618.424320
12.268900 1033.973760 631.572480
12.273590 1143.357440 674.764800
12.280240 1147.228160 691.000320
12.286940 1148.026880 694.487040
12.293650 1215.037440 775.296000
12.300540 1215.897600 713.379840
12.308460 1216.225280 700.922880
12.313730 1237.872640 623.585280
12.320560 1244.815360 543.283200
12.327140 1245.368320 529.827840
12.333830 1178.869760 493.071360
12.340680 1194.270720 608.640000
12.347220 1193.328640 618.332160
12.355890 1195.601920 675.886080
12.360880 1198.141440 571.883520
12.369320 1197.936640 585.277440
12.375470 1205.903360 563.143680
12.380930 1128.529920 638.023680
12.387630 1129.308160 641.587200
12.394450 1150.054400 783.160320
12.401850 1134.018560 685.501440
12.407780 1133.711360 672.783360
12.414200 1134.612480 676.746240
12.421010 1109.135360 657.653760
12.427820 1108.172800 654.397440
12.434390 1062.072320 590.929920
12.441120 1101.742080 599.792640
12.448230 1102.622720 603.217920
12.454290 1153.536000 639.928320
12.461240 1188.945920 587.105280
12.467800 1188.044800 596.981760
12.474560 1098.854400 627.870720
12.487200 1183.375360 611.665920
12.489660 1184.256000 601.835520
12.496740 1100.472320 600.099840
12.501480 1068.195840 556.692480
12.514790 1124.823040 636.410880
12.521410 1138.995200 655.303680
12.528140 1138.749440 642.600960
12.534880 1185.198080 641.372160
12.543070 1185.546240 660.464640
12.548170 1184.604160 669.665280
12.555080 1169.223680 680.002560
12.561600 1155.665920 720.460800
12.568340 1156.423680 723.701760
12.575180 1119.068160 766.049280
12.581780 1135.063040 736.988160
12.607070 1140.080640 666.915840
12.614080 1140.613120 664.012800
12.617490 1162.506240 700.600320
12.621990 1161.461760 702.259200
12.628540 1161.400320 682.844160
12.636060 1137.725440 681.861120
12.642140 1142.824960 680.647680
12.648650 1141.288960 685.486080
12.655340 1122.775040 647.823360
12.662220 1107.886080 681.415680
12.668740 1108.377600 693.672960
12.675440 978.636800 977.172480
12.682230 760.422400 983.792640
12.857370 1206.558720 430.172160
12.864480 1201.152000 392.755200
12.870010 1201.152000 392.755200
12.876340 1178.357760 366.673920
12.882960 1206.108160 371.266560
12.889620 1207.029760 359.915520
12.896310 1212.354560 417.653760
12.903070 1234.575360 407.009280
12.909870 1233.838080 403.200000
12.923190 1216.839680 443.105280
12.936810 1225.256960 382.525440
12.943560 1190.625280 374.338560
12.950130 1190.461440 389.621760
12.956920 1154.252800 414.397440
12.964030 1182.023680 500.321280
12.970220 1182.965760 489.722880
12.976810 1414.103040 491.458560
12.983750 1358.274560 499.599360
12.990310 1359.708160 485.514240
12.997140 1341.071360 558.597120
13.003710 1380.290560 518.123520
13.010930 1381.867520 504.529920
13.017060 1462.865920 408.944640
13.024770 1436.180480 412.339200
13.037330 1430.507520 392.693760
13.043850 1414.430720 462.213120
13.050600 1416.437760 446.991360
13.057190 1422.520320 398.438400
13.064300 1434.173440 382.755840
13.070610 1436.303360 367.272960
13.077570 1362.616320 336.506880
13.084290 1376.768000 316.001280
13.097690 1430.958080 360.760320
13.114430 1441.525760 379.023360
13.118340 1445.335040 311.654400
13.124610 1448.632320 338.503680
13.140020 1471.795200 331.729920
13.144200 1470.054400 305.034240
13.151990 1467.330560 316.677120
13.157840 1366.405120 392.570880
13.164500 1382.400000 438.789120
13.171080 1380.659200 453.980160
13.177980 1417.953280 392.663040
13.184490 1444.249600 392.064000
13.191270 1439.641600 418.191360
13.200940 1367.633920 457.436160
13.204780 1399.152640 483.855360
13.211580 1397.391360 497.848320
13.218290 1328.721920 523.146240
13.224930 1371.586560 508.984320
13.231700 1371.914240 512.901120
13.238100 1397.186560 495.237120
13.259610 1336.954880 470.062080
13.264780 1359.994880 530.580480
13.271550 1359.523840 526.924800
13.278450 1416.949760 471.797760
13.285020 1382.379520 474.639360
13.292020 1383.198720 467.558400
13.298620 1378.979840 444.933120
13.305130 1387.827200 482.288640
13.318630 1362.411520 430.341120
13.325210 1380.966400 402.124800
13.331850 1382.543360 387.671040
13.342180 1410.273280 440.770560
13.345890 1421.271040 355.906560
13.367020 1423.380480 341.821440
13.371990 1421.271040 352.588800
13.378760 1254.072320 709.340160
13.385420 1109.831680 793.036800
13.392130 1111.265280 786.570240
13.399040 1061.990400 684.718080
13.405530 1120.931840 649.574400
13.412260 1119.928320 645.857280
13.419050 1082.531840 667.299840
13.425640 1085.235200 687.206400
13.436560 1084.579840 675.025920
13.440420 1075.650560 624.506880
13.445930 1067.560960 695.915520
13.452780 1068.421120 709.509120
13.462570 1042.984960 700.216320
13.484500 1050.603520 690.355200
13.491840 1082.511360 689.894400
13.494350 1082.900480 679.649280
13.499290 1069.383680 667.898880
13.505990 1058.570240 705.930240
13.512800 1057.382400 702.382080
13.519390 1100.615680 784.911360
13.526080 1108.766720 782.914560
13.539480 1116.405760 738.862080
13.546190 1104.609280 759.444480
13.553120 1104.814080 781.117440
13.559550 1105.592320 853.340160
13.566280 1092.464640 806.169600
13.573250 1093.079040 817.797120
13.579530 1079.439360 816.721920
13.586360 1083.596800 892.538880
13.593200 1084.518400 895.641600
13.599660 1047.982080 857.349120
13.606470 1054.617600 887.208960
13.613280 1053.634560 866.903040
13.619890 1034.956800 905.425920
13.633450 1070.899200 851.558400
13.639950 1054.105600 851.927040
13.646730 1125.089280 844.661760
13.660060 986.152960 1100.421120
13.666750 932.700160 1336.412160
13.673630 933.253120 1342.033920
13.680380 1003.560960 1313.587200
13.686700 1066.741760 1355.381760
13.693730 1067.601920 1363.215360
13.700270 1022.791680 1288.704000
13.706940 994.140160 1302.082560
13.713840 995.614720 1310.592000
13.720390 966.062080 1360.880640
13.726860 978.698240 1288.212480
13.740290 997.068800 1349.053440
13.747120 1012.121600 1419.939840
13.753830 1013.350400 1426.867200
13.760690 978.452480 1384.750080
13.767220 1031.516160 1407.375360
13.773920 1032.478720 1409.218560
13.780830 1000.816640 1503.820800
13.788440 981.237760 1516.400640
13.794670 980.172800 1514.787840
13.800910 1000.181760 1435.776000
13.807420 1058.242560 1479.229440
13.814260 1058.263040 1474.467840
13.820790 999.403520 1475.051520
13.827550 1049.702400 1415.808000
13.847600 1015.685120 1335.106560
13.862030 1014.476800 1327.595520
13.866270 972.267520 1347.947520
13.870760 953.958400 1348.131840
13.875340 954.449920 1353.477120
13.888000 942.407680 1390.494720
13.894500 943.718400 1392.399360
13.906880 968.970240 1412.659200
13.909170 995.491840 1476.725760
13.921480 916.971520 1413.550080
13.927890 971.038720 1416.898560
13.934760 969.850880 1415.040000
13.941570 898.805760 1329.546240
13.948110 886.988800 1334.952960
13.954760 889.180160 1342.571520
13.961640 889.016320 1403.151360
13.974700 943.247360 1390.341120
13.981640 871.772160 1446.297600
13.988490 866.795520 1434.885120
13.994940 864.051200 1430.568960
14.001830 886.988800 1398.036480
14.014900 907.857920 1402.536960
14.021860 949.063680 1399.895040
14.028590 960.430080 1419.893760
14.035200 962.232320 1427.604480
14.041840 936.263680 1272.606720
14.048750 949.268480 1267.937280
14.061960 862.679040 1371.156480
14.068940 888.074240 1391.247360
14.075340 886.988800 1385.656320
14.082220 904.622080 1370.956800
14.095360 896.020480 1293.066240
14.099430 894.648320 1290.654720
14.103910 913.285120 1333.063680
14.109030 871.260160 1286.062080
14.124750 881.356800 1284.710400
14.128860 816.537600 1202.933760
14.137250 819.507200 1212.349440
14.142410 830.709760 757.509120
14.149150 827.228160 739.353600
14.162520 863.211520 611.235840
14.169350 874.741760 708.725760
14.175880 877.015040 721.228800
14.188690 891.781120 659.942400
14.193250 893.726720 626.396160
14.197950 895.918080 639.774720
14.203040 921.620480 772.761600
14.209500 856.289280 784.542720
14.216100 855.101440 775.772160
14.222830 844.288000 717.250560
14.238830 841.707520 704.547840
14.242640 853.872640 649.835520
14.249340 873.103360 616.750080
14.256230 871.772160 613.248000
14.263100 885.903360 571.975680
14.270720 843.264000 553.943040
14.276210 844.431360 557.690880
14.283220 864.174080 597.411840
14.289740 862.515200 524.021760
14.303360 908.328960 648.499200
14.309850 831.037440 605.660160
14.317690 826.961920 581.514240
14.323820 902.799360 570.086400
14.330000 847.360000 466.974720
14.344880 912.015360 626.519040
14.353160 1016.995840 575.201280
14.356810 1018.142720 588.334080
14.364250 1196.298240 752.394240
14.370160 1136.496640 711.413760
14.376770 1137.438720 728.724480
14.383470 1157.672960 801.561600
14.390200 1104.384000 800.901120
14.397010 1103.523840 797.460480
14.403550 1162.567680 871.572480
14.412010 1177.354240 709.432320
14.424900 1069.199360 780.948480
14.430580 1123.430400 738.585600
14.437190 1124.311040 741.857280
14.446180 1148.375040 733.608960
14.454760 1164.185600 712.780800
14.465280 1164.124160 700.247040
14.471100 1116.119040 781.793280
14.477290 1115.688960 770.104320
14.484100 1094.000640 755.251200
14.490650 1090.805760 748.416000
14.497380 1090.519040 757.232640
14.504470 1123.184640 660.280320
14.510780 1098.547200 704.225280
14.517500 1099.509760 707.681280
14.524310 1106.575360 775.879680
14.530790 1123.778560 734.407680
14.537650 1124.147200 724.531200
14.544190 1118.986240 777.446400
14.558420 1150.484480 1063.541760
14.563670 985.497600 921.400320
14.736400 1214.382080 662.799360
14.745630 1226.014720 693.473280
14.751660 1216.000000 588.549120
14.758380 1214.935040 598.548480
14.772110 1195.601920 723.425280
14.778560 1194.516480 744.913920
14.785880 1134.039040 805.893120
14.791860 1124.495360 812.574720
14.798660 1125.601280 828.334080
14.805420 1221.468160 907.438080
14.811970 1206.312960 902.814720
14.818680 1205.350400 910.709760
14.825360 1191.792640 784.911360
14.832720 1226.915840 750.489600
14.845610 1243.525120 810.762240
14.852490 1227.898880 822.712320
14.859020 1227.448320 834.462720
14.865700 1223.782400 825.077760
14.883900 1238.855680 830.515200
14.888960 1244.426240 851.804160
14.892390 1236.090880 817.443840
14.899220 1235.210240 814.341120
14.906100 1160.560640 841.635840
14.912560 1214.218240 809.303040
14.919470 1215.488000 800.640000
14.926470 1221.775360 832.803840
14.932760 1320.386560 838.164480
14.946060 1107.128320 802.206720
14.952810 1034.608640 713.333760
14.959690 1033.625600 709.939200
14.966200 1004.318720 707.466240
14.974100 1010.483200 786.155520
14.979600 1011.527680 789.396480
14.986260 1082.982400 753.699840
14.999520 1074.769920 733.562880
15.006390 1080.135680 719.201280
15.013260 1121.669120 739.046400
15.019980 1121.280000 726.958080
15.026560 1092.935680 707.665920
15.033360 1080.770560 718.510080
15.046660 1057.751040 720.568320
15.053100 1031.987200 738.462720
15.069420 1064.837120 665.687040
15.073400 1067.110400 664.965120
15.080040 1066.967040 674.073600
15.093450 1074.319360 725.099520
15.100040 1075.077120 737.341440
15.106780 1056.522240 728.294400
15.113900 1039.257600 835.937280
15.120340 1040.179200 838.963200
15.126950 1071.800320 764.605440
15.133900 1062.768640 805.877760
15.140320 1062.051840 784.296960
15.147090 1046.589440 845.460480
15.153940 1109.299200 791.976960
15.163020 1107.701760 776.924160
15.167390 1101.352960 716.282880
15.173820 1082.306560 718.341120
15.187210 1105.387520 654.551040
15.193910 1079.500800 625.075200
15.200820 1080.258560 639.298560
15.215830 1067.110400 667.944960
15.234160 1064.038400 718.356480
15.240780 1064.284160 708.449280
15.247710 1063.424000 738.432000
15.261530 1071.841280 764.206080
15.269280 1046.528000 594.969600
15.274470 1062.666240 685.117440
15.281420 1061.457920 681.553920
15.287900 1049.210880 598.348800
15.294690 1069.404160 700.753920
15.305270 1069.916160 722.595840
15.314690 1095.024640 657.515520
15.319120 1086.976000 694.118400
15.331600 1075.056640 851.082240
15.334420 1123.123200 848.010240
15.350960 1110.630400 855.552000
15.354670 1104.424960 778.690560
15.361600 1103.892480 766.924800
15.374950 1121.771520 794.173440
15.388140 1096.478720 748.876800
15.397060 1101.946880 751.319040
15.408320 1115.975680 838.748160
15.415150 1140.244480 727.879680
15.433020 1165.393920 800.317440
15.435470 1157.386240 804.986880
15.455230 1101.148160 817.643520
15.468530 1092.567040 793.866240
15.475500 1109.463040 807.183360
15.481950 1109.155840 815.493120
15.491340 1056.358400 827.089920
15.502020 1090.785280 848.163840
15.508710 1061.068800 858.731520
15.515610 1118.638080 848.947200
15.528880 1155.850240 696.698880
15.559910 1127.301120 740.858880
15.564110 1126.932480 728.832000
15.568840 1099.694080 716.451840
15.575810 1103.585280 630.789120
15.589080 1082.224640 662.415360
15.595960 1062.563840 686.238720
15.602490 1062.461440 695.162880
15.609320 1076.613120 803.328000
15.615890 1043.578880 809.364480
15.622560 1044.582400 820.992000
15.631030 1149.747200 816.230400
15.644760 1136.967680 838.087680
15.650560 1094.881280 807.260160
15.656030 947.732480 916.823040
15.669460 1046.691840 837.949440
15.676580 1012.531200 806.215680
15.683020 1012.367360 797.568000
15.689540 1015.541760 876.595200
15.696250 974.254080 845.813760
15.703150 972.697600 834.247680
15.709660 1023.221760 811.453440
15.716360 1032.273920 787.184640
15.724150 1031.188480 775.464960
15.729740 1014.988800 730.874880
15.736410 1077.248000 678.681600
15.749850 1109.565440 718.525440
15.758580 1100.943360 726.174720
15.770670 1075.814400 713.548800
15.776640 1067.253760 688.465920
15.783680 1067.089920 697.559040
15.790040 1033.277440 677.713920
15.796730 1089.740800 762.071040
15.803610 1090.621440 765.081600
15.817770 1239.490560 397.455360
15.823710 1240.944640 385.290240
15.830260 1221.509120 316.446720
15.836950 1247.928320 322.728960
15.843840 1247.846400 303.559680
15.850320 1213.583360 347.612160
15.857200 1193.820160 409.635840
15.871080 1161.932800 407.976960
15.877240 1123.450880 404.398080
15.884060 1123.840000 420.264960
15.890500 1210.511360 404.966400
15.897350 1344.921600 391.034880
15.912000 1283.420160 449.694720
15.917500 1245.634560 522.117120
15.930780 1240.391680 523.238400
15.937610 1230.520320 533.329920
15.950880 1197.240320 506.296320
15.958680 1188.024320 422.461440
15.971850 1184.604160 458.465280
15.978520 1219.502080 475.146240
15.984370 1220.341760 478.817280
15.991120 1171.435520 458.035200
15.997730 1173.504000 473.733120
16.011140 1254.604800 478.832640
16.017880 1220.075520 459.648000
16.024690 1219.502080 456.023040
16.031290 1220.259840 411.586560
16.037970 1191.424000 463.656960
16.044590 1191.260160 477.849600
16.053240 1136.476160 468.971520
16.064660 1115.361280 523.499520
16.071440 1178.296320 485.683200
16.078280 1219.051520 448.020480
16.087210 1219.420160 433.428480
16.091290 1238.568960 417.146880
16.099230 1184.829440 391.864320
16.104910 1184.931840 377.149440
16.111570 1181.347840 352.803840
16.118450 1181.696000 344.970240
16.131700 1195.765760 396.410880
16.138480 1189.130240 348.595200
16.158640 1192.243200 382.325760
16.171970 1261.199360 449.049600
16.178630 1269.268480 437.560320
16.198660 1282.682880 434.165760
16.212000 1081.896960 425.472000
16.218990 1024.307200 390.896640
16.225430 1024.040960 378.885120
16.232220 1031.802880 325.632000
16.240340 1056.174080 398.499840
16.245560 1055.272960 394.275840
16.252390 1052.405760 374.277120
16.258890 1072.168960 383.554560
16.272510 1087.549440 297.922560
16.279050 1025.146880 307.415040
16.292740 1026.457600 335.093760
16.296780 1068.933120 411.217920
16.312720 1051.156480 489.446400
16.315820 1052.078080 503.531520
16.321110 1087.856640 541.946880
16.325870 1088.778240 545.756160
16.333350 1106.984960 477.419520
16.339280 1094.594560 395.089920
16.346240 1093.980160 380.037120
16.352850 1133.199360 296.739840
16.359360 1150.054400 367.426560
16.366060 1149.870080 352.496640
16.372970 1140.183040 373.201920
16.380610 1115.176960 352.358400
16.392930 1131.335680 412.078080
16.399690 1147.883520 377.364480
16.414960 1140.101120 364.861440
16.419660 1154.129920 406.103040
16.433070 1037.066240 300.103680
16.439750 1058.897920 287.984640
16.453150 1060.761600 300.856320
16.459850 1087.774720 319.580160
16.466730 1087.528960 330.362880
16.474020 1118.986240 414.858240
16.480050 1125.539840 329.978880
16.486680 1125.888000 345.292800
16.500140 1047.859200 455.147520
16.506730 1048.821760 469.877760
16.513430 1067.929600 487.065600
16.523990 1112.596480 557.399040
16.526670 1112.985600 547.169280
16.533610 1101.271040 512.655360
16.540210 1058.283520 502.702080
16.546920 1057.382400 488.478720
16.553620 1099.223040 389.713920
16.560530 1065.594880 369.684480
16.567830 1064.509440 365.568000
16.573900 1007.144960 323.358720
16.580260 1018.470400 333.987840
16.593990 1050.460160 312.668160
16.600500 1066.844160 258.140160
16.620660 1070.325760 450.539520
16.628860 1069.547520 436.224000
16.634860 1055.723520 346.705920
16.640730 1065.492480 367.134720
16.654110 1052.098560 298.321920
16.667500 1025.105920 297.338880
16.674030 1083.801600 336.092160
16.680930 1097.482240 312.791040
16.687900 1097.236480 323.911680
16.694330 1075.077120 338.734080
16.700980 1134.469120 336.522240
16.714400 1062.420480 441.538560
16.721080 1110.446080 589.271040
16.736890 1183.252480 835.246080
16.743310 1176.616960 803.850240
16.747870 1176.064000 800.808960
16.754980 1174.282240 719.539200
16.761250 1184.358400 773.713920
16.768130 1184.276480 785.510400
16.774660 1144.033280 829.808640
16.781430 1124.044800 767.554560
16.788230 1124.843520 770.580480
16.794750 1203.466240 749.199360
16.802030 1182.392320 687.191040
16.808130 1182.453760 674.519040
16.814840 1129.902080 766.940160
16.821530 1132.072960 845.752320
16.828360 1131.274240 842.664960
16.834920 1166.520320 789.120000
16.841640 1153.699840 751.196160
16.852020 1153.843200 763.192320
16.854870 1089.720320 683.412480
16.861820 1118.269440 705.408000
16.868420 1118.679040 718.095360
16.875090 1136.988160 746.910720
16.882000 1134.100480 770.918400
16.888540 1134.714880 761.902080
16.895220 1166.807040 647.592960
16.902100 1161.195520 717.880320
16.908610 1160.294400 714.562560
16.915310 1134.776320 677.237760
16.922290 1080.832000 803.880960
16.935590 1080.340480 807.137280
16.942510 1233.387520 858.516480
17.107560 1075.957760 497.310720
17.117150 1193.328640 421.555200
17.123020 1126.912000 444.334080
17.143250 995.799040 598.579200
17.156450 1093.304320 528.261120
17.163420 1069.240320 507.525120
17.180790 1081.344000 504.913920
17.183100 1099.776000 486.635520
17.196710 1077.370880 452.628480
17.203350 1076.736000 412.707840
17.216790 1113.210880 592.880640
17.223710 1122.058240 540.119040
17.237010 1147.187200 563.496960
17.243600 1155.829760 519.552000
17.250330 1155.133440 529.443840
17.257180 1184.890880 587.304960
17.263670 1187.266560 604.170240
17.270420 1188.085760 607.810560
17.277300 1210.839040 623.708160
17.283550 1212.805120 576.506880
17.297300 1200.660480 482.780160
17.303870 1172.439040 490.705920
17.317470 1069.957120 565.816320
17.323950 1042.882560 632.816640
17.337460 1265.827840 547.184640
17.343950 1257.840640 571.376640
17.357560 1287.270400 597.381120
17.364140 1307.320320 425.640960
17.370840 1308.979200 414.074880
17.384250 1293.844480 492.456960
17.392430 1291.857920 498.278400
17.398250 1202.974720 530.641920
17.404590 1226.690560 578.595840
17.410980 1228.656640 571.100160
17.417880 1283.809280 575.569920
17.424350 1276.211200 525.757440
17.431170 1274.675200 536.770560
17.437930 1334.005760 505.866240
17.451150 1347.379200 422.323200
17.457900 1302.097920 383.508480
17.466040 1274.060800 390.220800
17.478300 1318.461440 464.977920
17.484650 1244.037120 436.992000
17.498250 1216.942080 625.136640
17.512420 1217.064960 597.058560
17.517990 1238.855680 577.843200
17.524980 1266.216960 542.515200
17.538260 1310.863360 545.249280
17.545150 1331.752960 589.148160
17.558390 1327.820800 526.448640
17.565290 1281.945600 530.841600
17.578380 1283.256320 555.555840
17.585280 1329.090560 482.273280
17.605370 1376.460800 592.757760
17.618560 1272.074240 510.136320
17.625310 1302.937600 518.077440
17.638700 1314.590720 604.538880
17.652250 1301.729280 486.681600
17.658900 1326.632960 611.927040
17.665490 1333.186560 580.362240
17.672380 1335.111680 569.717760
17.679020 1269.985280 485.683200
17.685580 1224.089600 487.388160
17.695090 1223.311360 483.440640
17.699160 1242.419200 518.077440
17.705750 1257.758720 479.324160
17.721140 1290.936320 484.285440
17.728720 1284.444160 522.332160
17.732320 1283.502080 537.231360
17.745930 1321.000960 530.872320
17.759510 1347.993600 502.917120
17.765990 1375.703040 507.878400
17.779380 1376.194560 457.973760
17.794720 1312.174080 497.495040
17.799550 1308.815360 568.888320
17.806520 1270.579200 562.099200
17.813020 1271.193600 565.816320
17.819620 1249.730560 541.593600
17.840140 1252.024320 539.811840
17.843680 1260.032000 500.352000
17.847470 1283.768320 498.969600
17.852950 1284.628480 485.007360
17.859810 1283.215360 483.747840
17.866510 1333.411840 497.710080
17.886770 1278.013440 522.470400
17.899990 1267.077120 526.755840
17.906950 1272.012800 542.192640
17.921170 1237.831680 487.219200
17.927290 1110.425600 659.404800
17.933520 1110.425600 659.404800
17.941220 1180.078080 735.114240
17.955970 1200.844800 731.934720
17.960280 1105.879040 711.874560
17.968630 1109.278720 747.248640
17.980290 1132.359680 705.807360
17.987180 1159.004160 715.499520
18.000480 1123.000320 742.072320
18.007300 1131.028480 732.518400
18.025840 1094.328320 781.593600
18.031240 1118.167040 715.207680
18.036530 1117.757440 724.024320
18.041490 1111.306240 768.399360
18.054340 1112.903680 838.917120
18.057700 1113.354240 850.283520
18.067060 1127.239680 827.581440
18.070080 1146.920960 874.659840
18.074130 1147.719680 877.670400
18.081030 1151.897600 831.252480
18.087480 1155.072000 821.391360
18.094280 1154.928640 809.748480
18.100860 1165.742080 857.779200
18.108020 1153.228800 832.527360
18.121170 1177.415680 829.931520
18.127660 1179.504640 822.789120
18.134510 1179.443200 834.247680
18.141080 1165.434880 837.795840
18.162570 1147.105280 840.960000
18.164820 1076.183040 863.247360
18.167780 1062.420480 908.375040
18.181260 1084.354560 930.109440
18.188000 1073.213440 850.467840
18.204760 1089.024000 838.348800
18.210750 1106.186240 780.518400
18.214620 1106.575360 771.532800
18.221810 1123.921920 804.725760
18.228450 1115.566080 835.783680
18.234930 1115.115520 824.217600
18.241690 1098.588160 899.742720
18.251440 1130.700800 873.692160
18.261700 1149.132800 714.716160
18.271790 1090.969600 730.613760
18.281940 1050.009600 640.896000
18.288420 1090.703360 669.127680
18.308510 1142.005760 631.802880
18.321910 1069.527040 699.955200
18.328560 1089.576960 683.320320
18.342570 1105.899520 651.586560
18.348800 1107.865600 574.740480
18.362090 1098.895360 677.483520
18.391340 1045.094400 656.855040
18.394050 1124.474880 778.475520
18.396590 1125.212160 781.608960
18.409210 1111.572480 708.418560
18.422590 1117.614080 816.291840
18.429130 1037.578240 777.538560
18.437510 1036.554240 765.772800
18.451490 971.366400 1272.299520
18.456040 969.564160 1279.226880
18.618200 1582.448640 925.562880
18.623450 1269.882880 391.050240
18.629840 1235.804160 370.682880
18.636560 1236.295680 355.522560
18.643350 1211.965440 312.299520
18.650090 1233.100800 338.565120
18.656660 1233.571840 323.450880
18.663350 1273.344000 442.598400
18.670560 1135.943680 276.910080
18.676740 1135.349760 288.076800
18.683550 1212.272640 330.854400
18.690140 1167.953920 366.120960
18.696840 1168.834560 370.022400
18.703550 1212.928000 397.470720
18.710220 1192.550400 419.189760
18.724010 1243.770880 268.492800
18.730540 1240.616960 267.724800
18.737170 1241.149440 252.103680
18.744050 1227.735040 303.697920
18.750570 1186.897920 411.586560
18.757290 1187.717120 399.866880
18.766410 1275.883520 360.053760
18.777530 1218.478080 244.116480
18.784060 1295.257600 300.226560
18.790770 1190.993920 310.118400
18.804170 1259.028480 369.239040
18.818740 1220.608000 173.875200
18.820960 1220.177920 191.754240
18.830880 1119.170560 76.984320
18.844360 1150.607360 38.231040
18.851260 1226.035200 137.103360
18.871140 1234.657280 35.005440
18.877910 1236.131840 20.705280
18.884550 1222.533120 136.012800
18.891370 1165.578240 88.949760
18.897960 1164.492800 83.927040
18.906970 1227.898880 77.875200
18.938330 1144.934400 2.549760
18.954390 1201.008640 78.965760
18.964910 1138.790400 62.284800
18.971800 1175.531520 66.001920
18.985080 1103.175680 71.761920
18.991830 1059.287040 85.370880
19.012070 1108.869120 81.699840
19.025440 1115.299840 86.400000
19.034580 1191.669760 111.252480
19.048710 1221.980160 83.804160
19.058880 1198.899200 89.748480
19.065590 1094.840320 113.648640
19.072080 1066.086400 92.851200
19.085470 1164.984320 70.010880
19.094280 1186.795520 46.694400
19.105580 1221.345280 71.992320
19.112460 1197.383680 158.699520
19.119000 1198.141440 163.031040
19.125730 1100.267520 144.952320
19.132490 1121.013760 74.112000
19.146600 1108.131840 108.733440
19.152600 1149.030400 65.602560
19.159370 1148.846080 48.291840
19.165920 1146.347520 163.445760
19.179480 1160.151040 124.600320
19.187440 1191.280640 74.480640
19.194910 1096.417280 129.146880
19.206040 1095.618560 160.865280
19.213130 1138.094080 43.776000
19.226250 1115.729920 8.371200
19.239570 1121.402880 7.833600
19.249260 1120.296960 98.626560
19.257000 1095.639040 5.253120
19.266400 1044.787200 47.861760
19.273230 1074.728960 40.842240
19.293310 1036.062720 48.952320
19.299820 1037.168640 68.044800
19.306590 1086.443520 142.248960
19.313400 1040.261120 136.289280
19.328830 1066.229760 144.122880
19.333510 1242.357760 199.495680
19.339950 1241.251840 211.061760
19.353550 1290.301440 453.227520
19.362290 1289.400320 467.466240
19.366640 1330.421760 379.653120
19.375670 1318.993920 420.664320
19.380230 1321.451520 412.139520
19.387010 1305.927680 454.932480
19.400380 1291.427840 430.556160
19.407030 1327.267840 466.467840
19.413900 1316.392960 473.210880
19.422530 1317.949440 463.057920
19.427110 1292.922880 436.439040
19.434230 1337.200640 463.457280
19.447400 1326.448640 513.208320
19.453960 1368.289280 397.486080
19.460580 1369.784320 382.955520
19.473900 1367.633920 427.929600
19.477300 1332.387840 457.512960
19.487340 1291.345920 466.314240
19.494050 1316.044800 442.014720
19.500940 1314.406400 452.352000
19.507460 1273.016320 478.556160
19.515520 1295.052800 475.499520
19.521080 1295.544320 479.262720
19.527570 1302.138880 581.836800
19.534430 1312.911360 587.243520
19.547650 1324.748800 542.960640
19.554540 1327.534080 519.521280
19.562170 1328.701440 505.927680
19.567730 1308.979200 477.834240
19.576560 1314.160640 493.025280
19.582900 1312.686080 503.116800
19.587690 1353.707520 511.918080
19.594720 1313.095680 459.202560
19.601240 1312.010240 473.425920
19.608970 1004.728320 793.758720
19.614840 943.349760 829.624320
19.621350 944.599040 833.003520
19.628100 1012.592640 572.405760
19.634710 999.854080 580.715520
19.641430 998.502400 567.060480
19.648150 1004.298240 612.986880
19.655930 1023.037440 635.243520
19.661510 1021.890560 622.356480
19.668230 1003.397120 662.507520
19.674900 1004.236800 700.523520
19.690270 1053.798400 717.742080
19.694850 1046.568960 742.717440
19.708430 1012.490240 762.178560
19.715330 1031.393280 780.180480
19.728680 1022.566400 645.703680
19.735190 1029.427200 741.934080
19.749670 1037.475840 687.313920
19.755290 1028.628480 704.593920
19.768690 1057.832960 737.326080
19.775490 1006.407680 677.529600
19.788780 1011.978240 670.018560
19.802290 1012.183040 679.019520
19.809090 1058.549760 825.891840
19.815570 1030.737920 735.498240
19.822470 1031.823360 747.724800
19.829010 1028.423680 885.857280
19.835750 1004.032000 856.581120
19.843840 1005.158400 859.745280
19.855930 1012.101120 773.959680
19.862520 1010.831360 761.856000
19.869170 1026.273280 714.024960
19.876040 1015.562240 674.810880
19.882570 1014.374400 662.184960
19.896130 1000.816640 762.393600
19.909530 1023.426560 639.006720
19.916120 1054.801920 691.860480
19.929680 1038.397440 687.452160
19.937520 1022.177280 660.449280
19.949500 1128.980480 776.555520
19.956360 1086.013440 750.382080
19.962990 1085.194240 746.895360
19.976560 1071.984640 650.188800
19.984180 1072.230400 640.143360
19.989810 1151.610880 591.759360
19.996510 1123.102720 568.965120
20.009840 1081.896960 547.584000
20.018810 1046.712320 449.157120
20.023090 1045.585920 444.979200
20.030950 1100.185600 508.615680
20.036690 1124.556800 638.085120
20.043650 1124.392960 660.971520
20.056910 1081.057280 728.893440
20.063440 1083.064320 735.667200
20.070100 1145.098240 745.236480
20.078180 1095.639040 721.628160
20.083530 1094.451200 718.033920
20.090180 1080.995840 745.451520
20.097130 1088.532480 614.538240
20.103620 1087.610880 610.974720
20.110320 1054.023680 672.276480
20.117090 1073.827840 633.262080
20.147750 1072.414720 720.522240
20.151360 1100.144640 728.463360
20.157280 1095.454720 714.362880
20.164090 1095.413760 697.743360
20.171880 1077.923840 680.570880
20.177450 1062.256640 672.706560
20.184060 1060.536320 647.147520
20.190680 1063.976960 537.584640
20.197530 1001.041920 480.476160
20.204120 1001.164800 491.166720
20.210860 1104.117760 469.585920
20.224210 1042.841600 526.064640
20.232130 975.441920 549.872640
20.237430 983.265280 551.669760
20.251070 989.798400 545.848320
20.257670 1051.607040 525.849600
20.271320 1043.927040 491.366400
20.277740 1043.824640 501.657600
20.284600 1043.763200 512.240640
20.291160 1064.591360 435.640320
20.297920 1079.255040 427.038720
20.304750 1079.992320 442.567680
20.318150 1060.085760 557.798400
20.324470 1061.007360 572.574720
20.331360 1114.828800 603.002880
