0.000000 610.176000 325.489500
0.176420 883.848000 460.813500
0.197400 859.051200 425.481000
0.209390 849.038400 408.019500
0.225880 841.898400 399.535500
0.246350 841.512000 395.209500
0.261000 854.800800 437.220000
0.275440 860.311200 411.589500
0.313820 886.737600 412.408500
0.324620 882.571200 422.310000
0.340820 882.386400 418.173000
0.357200 861.268800 352.894500
0.373700 853.608000 367.206000
0.390370 854.061600 369.736500
0.406620 919.228800 444.769500
0.423080 1139.191200 442.627500
0.439520 1141.072800 434.994000
0.456120 1283.251200 480.637500
0.472340 1248.492000 501.039000
0.488660 1248.340800 501.427500
0.505370 1255.816800 569.625000
0.526930 1268.551200 525.294000
0.537980 1266.148800 529.935000
0.554360 1223.476800 516.180000
0.571120 1253.128800 564.805500
0.587560 1250.172000 571.336500
0.603600 1240.495200 524.391000
0.620110 1238.916000 549.643500
0.638160 1237.555200 552.856500
0.653280 1232.565600 504.934500
0.669320 1218.520800 521.902500
0.685820 1221.763200 515.098500
0.702560 1204.677600 474.348000
0.718940 1245.283200 468.405000
0.735400 1247.097600 462.808500
0.752270 1219.075200 498.592500
0.768750 1192.161600 546.756000
0.784270 1193.253600 543.669000
0.800850 1226.349600 516.033000
0.817300 1242.712800 539.679000
0.833610 1240.226400 544.698000
0.858020 1234.094400 455.416500
0.866620 1251.415200 485.803500
0.882760 1252.053600 485.614500
0.899520 1243.821600 536.718000
0.916100 1239.991200 380.488500
0.932480 1240.444800 378.136500
0.948750 1317.842400 145.215000
0.966030 1296.540000 147.903000
0.981780 1297.968000 142.999500
0.997940 1284.813600 174.678000
1.014320 1306.603200 168.955500
1.031010 1304.906400 174.478500
1.047390 1284.175200 185.860500
1.063820 1268.618400 155.662500
1.080020 1269.172800 152.481000
1.096520 1319.791200 141.561000
1.112980 1340.992800 151.095000
1.129270 1336.860000 162.792000
1.145840 1342.017600 191.562000
1.162220 1305.948000 181.818000
1.184150 1303.915200 189.063000
1.195350 1317.170400 207.669000
1.211460 1303.092000 213.780000
1.227950 1302.369600 216.919500
1.244680 1302.201600 204.865500
1.260940 1338.388800 203.521500
1.277240 1340.959200 193.977000
1.294180 1302.201600 204.729000
1.310220 1285.636800 206.430000
1.326620 1284.343200 210.651000
1.343230 1370.460000 221.382000
1.359490 1353.777600 235.252500
1.377770 1352.618400 239.988000
1.399900 1335.180000 251.895000
1.408390 1333.735200 245.668500
1.424900 1336.910400 236.869500
1.441730 986.613600 212.950500
1.460080 614.426400 182.500500
1.474580 612.108000 173.659500
1.491050 498.002400 206.409000
1.508920 489.115200 185.724000
1.523610 490.778400 190.197000
1.540120 512.366400 172.242000
1.556500 490.728000 175.171500
1.573300 492.408000 179.749500
1.589680 481.387200 193.851000
1.606030 511.056000 195.625500
1.626770 512.080800 197.368500
1.638600 508.183200 199.174500
1.655240 510.938400 186.669000
1.671730 509.023200 181.240500
1.688240 489.804000 167.779500
1.704440 497.112000 151.935000
1.730290 495.751200 149.247000
1.737210 463.360800 142.495500
1.753520 471.962400 163.989000
1.770300 474.028800 169.470000
1.786480 479.875200 175.014000
1.803120 431.256000 188.958000
1.819680 433.540800 194.376000
1.839400 528.360000 229.099500
1.852360 513.172800 248.335500
1.885060 450.256800 564.007500
1.901610 468.165600 696.045000
1.918110 466.233600 693.672000
1.934370 506.402400 725.676000
1.951460 482.647200 706.377000
1.967370 480.799200 704.067000
1.983750 461.344800 702.681000
2.000310 448.644000 700.549500
2.018620 446.695200 698.250000
2.033680 444.410400 677.166000
2.055500 455.582400 684.411000
2.082180 439.756800 666.046500
2.098890 480.916800 683.119500
2.115390 479.488800 681.754500
2.131550 464.906400 717.318000
2.148250 501.950400 725.203500
2.169820 503.160000 726.348000
2.180970 472.718400 732.070500
2.197180 472.231200 725.644500
2.230240 458.656800 759.181500
2.246600 508.519200 723.943500
2.263090 509.292000 725.308500
2.279410 464.671200 726.421500
2.295850 491.937600 719.523000
2.312580 493.147200 720.678000
2.328930 761.056800 761.019000
2.345410 1112.496000 725.224500
2.388340 1373.282400 757.585500
2.394470 1339.480800 739.095000
2.410690 1341.244800 736.837500
2.427190 1301.445600 750.403500
2.443920 1315.591200 739.620000
2.476780 1303.898400 738.318000
2.496840 1308.871200 737.499000
2.525680 1349.241600 731.986500
2.542180 1339.144800 735.420000
2.558720 1336.171200 738.748500
2.575230 1341.496800 745.657500
2.591590 1340.623200 769.786500
2.608060 1340.052000 770.857500
2.624530 1384.118400 764.137500
2.640930 1417.886400 744.649500
2.673870 1370.460000 722.169000
2.690190 1370.107200 730.285500
2.713780 1370.728800 729.046500
2.723210 1406.378400 750.435000
2.739310 1408.058400 756.714000
2.755690 1405.941600 758.929500
2.772320 1361.220000 367.479000
2.788930 1334.608800 284.130000
2.805410 1334.054400 286.461000
2.823020 1343.764800 312.249000
2.837990 1349.292000 307.545000
2.854490 1349.880000 305.308500
2.870820 1342.185600 277.284000
2.887520 1339.396800 319.011000
2.928250 1313.491200 279.216000
2.937280 1317.187200 281.295000
2.952900 1316.616000 283.689000
2.969250 1355.709600 275.205000
2.985870 1342.874400 274.165500
3.002370 1346.234400 265.282500
3.018530 1370.930400 260.379000
3.038510 1374.643200 261.796500
3.051610 1376.440800 257.323500
3.067800 1356.650400 236.428500
3.084290 1013.863200 245.217000
3.117360 406.207200 352.149000
3.133710 381.242400 358.533000
3.166600 428.618400 332.839500
3.182980 429.508800 332.818500
3.199590 430.231200 334.782000
3.215970 461.395200 284.539500
3.232420 480.463200 308.364000
3.263240 483.470400 314.296500
3.265240 467.964000 303.303000
3.281480 461.613600 329.826000
3.298070 462.369600 331.968000
3.314640 535.180800 303.943500
3.331030 514.634400 317.121000
3.347350 514.147200 315.105000
3.371070 524.344800 316.239000
3.380200 468.888000 232.312500
3.396290 467.107200 227.934000
3.412800 455.212800 255.181500
3.429470 470.702400 241.489500
3.445960 468.888000 237.090000
3.462350 499.548000 230.065500
3.478810 513.861600 254.215500
3.511780 531.703200 278.029500
3.528130 521.707200 360.213000
3.544600 523.286400 363.951000
3.560830 526.764000 746.991000
3.587380 477.120000 750.970500
3.610240 456.288000 744.019500
3.626240 479.052000 775.771500
3.643140 479.740800 776.790000
3.659620 477.775200 774.805500
3.675830 441.436800 722.557500
3.698300 440.764800 721.612500
3.708810 446.157600 748.240500
3.725050 457.060800 755.254500
3.759060 462.453600 729.708000
3.774310 496.742400 725.581500
3.790760 494.911200 723.334500
3.806980 472.432800 740.575500
3.823540 467.913600 756.294000
3.840040 469.795200 758.320500
3.856680 539.935200 811.125000
3.873040 524.731200 822.265500
3.917180 510.266400 808.836000
3.924190 484.260000 805.255500
3.955060 516.045600 800.415000
3.971780 506.671200 827.809500
3.988160 504.924000 826.066500
4.004250 477.170400 794.619000
4.021030 481.101600 813.603000
4.053540 505.612800 786.292500
4.070030 486.074400 769.188000
4.103080 481.891200 816.291000
4.119450 476.851200 806.074500
4.152180 465.225600 799.459500
4.168710 459.396000 801.097500
4.201780 464.318400 787.216500
4.218130 474.280800 799.753500
4.242470 472.802400 798.598500
4.250950 500.774400 792.487500
4.267360 740.947200 795.952500
4.283540 741.720000 796.960500
4.300080 1360.850400 790.366500
4.316710 1347.981600 751.327500
4.332990 1346.755200 752.314500
4.349720 1349.544000 750.025500
4.365850 1337.296800 788.949000
4.382230 1338.506400 787.972500
4.398720 1332.962400 813.288000
4.415100 1363.740000 804.814500
4.431740 1365.840000 802.641000
4.447980 1356.516000 801.843000
4.464280 1342.656000 761.460000
4.480900 1342.168800 761.302500
4.497140 1418.793600 803.796000
4.513760 1386.319200 802.924500
4.530270 1382.673600 807.061500
4.546410 1377.499200 790.482000
4.570790 1378.591200 798.042000
4.579480 1376.373600 800.289000
4.595660 1394.181600 791.973000
4.612370 1419.952800 796.750500
4.628670 1426.420800 790.713000
4.645200 1368.024000 819.745500
4.661690 1406.277600 796.183500
4.694310 1411.015200 777.577500
4.710690 1420.272000 793.317000
4.727200 1418.860800 794.251500
4.743750 1415.786400 811.786500
4.760090 1406.160000 809.760000
4.776630 1403.068800 813.015000
4.793510 1375.281600 846.940500
4.809300 1350.955200 839.044500
4.842290 1384.588800 823.431000
4.858830 1375.012800 809.140500
4.884060 1376.961600 807.198000
4.898240 1350.484800 309.130500
4.907910 1363.202400 273.997500
4.924160 1362.110400 276.108000
4.940670 1376.810400 225.592500
4.957490 1359.271200 237.489000
4.973870 1358.464800 238.780500
4.990280 1339.951200 244.261500
5.008050 1312.147200 255.129000
5.022800 1310.148000 261.817500
5.039300 1309.492800 266.070000
5.055680 1335.751200 251.548500
5.072180 1336.843200 249.417000
5.088820 1322.983200 294.052500
5.116120 1345.226400 250.068000
5.122510 1344.856800 251.055000
5.137600 1355.155200 250.740000
5.154280 1358.280000 268.159500
5.170780 1360.044000 263.665500
5.187490 1392.182400 287.941500
5.203710 1391.947200 312.081000
5.228370 1390.771200 314.118000
5.236680 1377.163200 327.537000
5.252780 1381.867200 321.720000
5.269280 1381.816800 321.846000
5.285660 1394.366400 327.243000
5.302160 1372.358400 338.457000
5.318890 1371.686400 340.609500
5.335430 1352.349600 325.027500
5.351400 1363.992000 322.675500
5.367780 1365.789600 318.423000
5.384270 1342.202400 309.088500
5.400600 1366.260000 315.147000
5.417530 1368.040800 310.926000
5.442990 1395.475200 298.945500
5.450810 1405.992000 305.760000
5.466420 1404.748800 307.776000
5.482800 1407.235200 294.630000
5.499440 1376.558400 279.489000
5.515790 1374.744000 283.899000
5.532460 1359.523200 278.827500
5.556840 1359.103200 313.477500
5.565100 1358.515200 315.871500
5.581590 1345.495200 290.230500
5.597960 1365.722400 292.813500
5.614470 1367.520000 288.424500
5.630850 1351.173600 310.548000
5.647290 1315.087200 299.995500
5.663650 1316.431200 297.601500
5.679890 634.132800 233.100000
5.696400 407.467200 276.465000
5.712780 405.904800 274.060500
5.729420 416.623200 276.696000
5.746030 420.235200 263.350500
5.778630 412.574400 249.648000
5.794770 405.081600 243.915000
5.811280 407.450400 248.892000
5.827940 465.746400 243.904500
5.844600 458.136000 251.790000
5.861020 458.824800 253.984500
5.883500 428.265600 245.605500
5.893500 433.070400 263.424000
5.910100 434.347200 265.587000
5.926580 496.809600 304.773000
5.942970 528.578400 309.582000
5.959450 526.999200 305.550000
5.975850 531.182400 276.601500
5.992120 515.256000 300.898500
6.008320 513.609600 296.751000
6.024700 537.852000 276.286500
6.041050 506.889600 285.673500
6.057410 508.502400 289.726500
6.073910 494.995200 293.076000
6.090430 488.796000 289.327500
6.123170 452.944800 227.451000
6.139540 483.386400 196.182000
6.172410 497.431200 188.853000
6.189080 498.204000 177.723000
6.221660 488.880000 194.512500
6.238290 483.033600 191.236500
6.254540 484.730400 195.720000
6.271050 483.117600 196.654500
6.287770 515.860800 209.538000
6.304260 517.473600 214.021500
6.320890 494.961600 239.620500
6.337430 516.381600 323.410500
6.369710 529.200000 331.443000
6.386200 486.931200 327.768000
6.402600 485.167200 323.767500
6.420600 504.352800 325.090500
6.435650 491.786400 315.787500
6.468520 490.660800 334.950000
6.485190 494.256000 362.565000
6.501570 492.542400 358.764000
6.517890 488.056800 360.360000
6.541560 463.528800 322.581000
6.567020 254.637600 328.996500
6.583710 245.179200 344.085000
6.599900 242.508000 340.294500
6.616570 262.348800 357.556500
6.633050 311.673600 358.806000
6.665470 315.957600 372.823500
6.682010 295.024800 358.260000
6.715020 277.636800 340.441500
6.731530 304.130400 335.422500
6.764240 291.849600 318.381000
6.780640 283.836000 337.690500
6.813870 258.484800 327.946500
6.830230 241.500000 331.810500
6.846760 244.154400 335.611500
6.866630 250.353600 335.853000
6.879460 253.646400 350.343000
6.895840 256.300800 354.123000
6.912320 292.219200 355.215000
6.928710 264.028800 354.301500
6.970150 248.656800 362.817000
6.977910 248.976000 358.470000
6.994080 246.288000 354.711000
7.010650 271.504800 351.939000
7.027150 259.492800 339.801000
7.059930 265.809600 366.219000
