0.000000 820.478400 429.964500
0.014360 820.881600 433.450500
0.030630 823.401600 425.670000
0.046910 874.070400 437.608500
0.079470 856.867200 413.920500
0.096090 828.492000 432.463500
0.112460 828.357600 434.248500
0.132620 846.518400 427.129500
0.145340 829.600800 403.095000
0.161710 830.071200 405.016500
0.178120 849.441600 421.953000
0.203190 869.584800 417.322500
0.220770 869.803200 420.955500
0.229830 886.183200 437.073000
0.244050 856.749600 457.695000
0.260560 856.212000 457.527000
0.277080 836.287200 465.874500
0.293770 857.623200 454.104000
0.310050 858.295200 457.464000
0.327610 833.280000 436.611000
0.342920 869.215200 489.909000
0.359290 868.543200 484.417500
0.375600 879.060000 494.172000
0.392090 847.123200 464.226000
0.408430 846.904800 459.574500
0.425040 589.562400 353.934000
0.441450 498.103200 287.164500
0.457970 495.129600 280.570500
0.474040 450.290400 224.311500
0.490810 441.789600 246.613500
0.506900 443.923200 251.454000
0.523590 472.617600 255.496500
0.545190 474.952800 261.796500
0.556280 477.960000 268.107000
0.572640 471.408000 265.440000
0.589100 491.047200 321.447000
0.605600 492.996000 325.962000
0.622290 475.137600 292.120500
0.638800 472.399200 285.988500
0.657470 470.534400 281.652000
0.671340 559.927200 311.871000
0.687720 555.844800 319.263000
0.720880 570.175200 294.787500
0.737090 575.836800 302.547000
0.753790 574.459200 298.473000
0.769930 540.271200 311.598000
0.786690 535.600800 292.267500
0.819150 529.905600 289.222500
0.835790 527.436000 289.831500
0.874590 530.090400 291.637500
0.884950 580.087200 477.361500
0.901450 581.464800 480.637500
0.917860 579.616800 745.384500
0.934190 576.878400 784.843500
0.952780 577.332000 785.914500
0.967070 528.897600 776.181000
0.983370 508.888800 759.685500
0.999940 508.939200 759.748500
1.016290 513.391200 759.801000
1.032670 563.690400 767.424000
1.049220 563.740800 767.487000
1.065880 596.568000 742.297500
1.081960 596.500800 741.825000
1.098600 597.895200 744.009000
1.114770 567.403200 743.809500
1.131460 565.185600 771.487500
1.164220 496.036800 704.959500
1.180890 462.688800 696.759000
1.213400 464.940000 701.263500
1.229990 496.557600 703.206000
1.246480 494.155200 699.552000
1.262860 532.526400 707.248500
1.279230 523.588800 666.771000
1.295730 523.538400 666.697500
1.318940 495.868800 661.353000
1.328710 506.788800 663.442500
1.344790 504.991200 660.880500
1.361290 509.628000 666.025500
1.377660 489.804000 658.917000
1.394040 492.189600 662.707500
1.410800 497.061600 660.754500
1.427050 513.424800 703.804500
1.443560 513.475200 703.878000
1.470840 495.129600 511.917000
1.476470 589.226400 305.676000
1.495600 591.612000 311.923500
1.509230 566.227200 242.644500
1.530920 576.139200 258.216000
1.542120 573.300000 249.385500
1.558610 531.854400 235.903500
1.574990 551.863200 232.396500
1.593500 551.812800 232.260000
1.607870 544.706400 234.643500
1.624240 547.293600 261.534000
1.657280 520.682400 269.325000
1.673420 530.292000 287.710500
1.706540 553.795200 294.031500
1.723120 582.187200 272.863500
1.755800 590.167200 296.740500
1.771890 584.253600 307.198500
1.804970 582.052800 298.536000
1.823590 611.100000 314.874000
1.858630 1116.746400 308.206500
1.870760 1391.611200 284.634000
1.886930 1393.442400 280.371000
1.903640 1402.060800 286.681500
1.920010 1397.474400 273.493500
1.936190 1396.987200 273.231000
1.952680 1396.029600 275.121000
1.974040 1410.057600 280.990500
1.985870 1406.680800 289.632000
2.001910 1404.597600 304.720500
2.018420 1403.304000 296.677500
2.035080 1401.372000 300.993000
2.051300 1397.356800 346.741500
2.077220 1420.305600 343.413000
2.084000 1422.842400 337.438500
2.100490 1417.466400 346.531500
2.116950 1402.867200 341.586000
2.133440 1402.212000 343.780500
2.152090 1443.708000 361.011000
2.166340 1446.597600 344.967000
2.187520 1451.116800 336.199500
2.199210 1458.055200 342.657000
2.215530 1436.803200 303.618000
2.232040 1435.526400 305.455500
2.248720 1421.464800 308.049000
2.265150 1432.351200 300.667500
2.281530 1431.612000 303.030000
2.302950 1477.509600 351.592500
2.314210 1458.794400 357.871500
2.330540 1456.308000 362.502000
2.347060 1485.590400 354.448500
2.363840 1480.684800 347.634000
2.381060 1482.986400 343.465500
2.408050 1463.212800 354.249000
2.412640 1446.194400 345.135000
2.429060 1449.319200 338.404500
2.445550 1412.964000 320.953500
2.461920 1438.399200 311.724000
2.482050 1436.316000 315.966000
2.494960 1419.784800 321.489000
2.515000 1438.718400 358.701000
2.527810 1437.508800 360.538500
2.544090 1444.497600 800.100000
2.560590 1447.740000 830.770500
2.577280 1444.312800 833.784000
2.593730 1451.032800 836.230500
2.612070 1476.988800 816.175500
2.626430 1474.569600 818.107500
2.642850 1470.487200 835.044000
2.659200 1472.856000 843.307500
2.675710 1475.056800 841.659000
2.692050 1473.561600 845.071500
2.708720 1424.539200 838.740000
2.735640 1426.051200 837.879000
2.743310 1450.310400 805.392000
2.757680 1454.947200 801.706500
2.774060 1463.901600 794.367000
2.790560 1477.593600 816.018000
2.807090 1461.583200 813.550500
2.823580 1464.708000 810.568500
2.842370 1465.564800 778.764000
2.856480 1439.659200 788.539500
2.872650 1438.231200 789.442500
2.889030 1468.908000 781.557000
2.905860 1452.763200 805.024500
2.922240 1443.153600 813.288000
2.938590 1484.347200 771.172500
2.954770 1457.769600 532.644000
2.971350 1456.963200 534.397500
2.988520 1409.251200 344.956500
3.004140 1408.310400 350.143500
3.020710 1410.326400 345.964500
3.037040 1405.790400 356.958000
3.062250 1407.924000 349.356000
3.069940 1411.804800 341.281500
3.088450 1424.858400 321.667500
3.103020 1437.172800 315.756000
3.135890 1438.298400 320.859000
3.152270 1432.351200 320.050500
3.185150 1443.523200 335.086500
3.201150 1434.552000 327.001500
3.217530 1432.065600 330.718500
3.234350 1421.750400 330.603000
3.250860 1395.021600 341.733000
3.267270 1393.761600 345.870000
3.284890 1439.625600 355.099500
3.300010 1443.523200 362.271000
3.316520 1441.440000 366.240000
3.332830 1456.425600 387.513000
3.349390 1434.484800 376.015500
3.365670 1437.088800 370.387500
3.389860 1436.047200 376.677000
3.398290 1417.516800 358.123500
3.414780 1415.467200 362.229000
3.431150 1421.800800 375.606000
3.447650 1439.323200 389.277000
3.464390 1439.256000 389.403000
3.480900 1436.400000 382.651500
3.500910 1395.895200 391.828500
3.513440 1397.222400 390.022500
3.529830 1432.620000 340.431000
3.546180 1438.382400 325.122000
3.562990 1438.432800 324.996000
3.579390 1438.819200 319.084500
3.595560 1446.362400 362.271000
3.611880 1448.496000 358.207500
3.628370 1420.305600 340.735500
3.644810 1418.390400 328.377000
3.661390 1415.164800 334.393500
3.678000 1410.494400 343.276500
3.696940 1434.652800 333.207000
3.717110 1434.602400 333.333000
3.727030 1441.977600 344.893500
3.743280 1426.303200 336.934500
3.766050 1425.580800 339.192000
3.776320 862.024800 305.476500
3.792790 579.264000 311.419500
3.809210 577.836000 307.209000
3.825760 531.132000 307.629000
3.842090 535.600800 290.073000
3.858260 535.550400 289.947000
3.874770 549.393600 297.507000
3.891450 540.254400 306.190500
3.907940 541.783200 310.264500
3.924250 537.331200 303.975000
3.940650 616.089600 284.991000
3.957090 615.216000 282.975000
3.973270 576.979200 299.334000
3.989960 598.416000 301.644000
4.011150 598.449600 301.770000
4.022780 606.496800 324.891000
4.046160 612.225600 326.434500
4.055900 613.149600 328.461000
4.071910 577.936800 324.061500
4.088280 561.036000 320.596500
4.105140 560.985600 320.470500
4.121470 570.763200 322.392000
4.137690 569.839200 319.200000
4.153980 568.848000 317.173500
4.170560 544.370400 325.993500
4.186950 459.009600 227.808000
4.203320 458.371200 225.550500
4.220140 500.421600 197.148000
4.236400 473.306400 188.727000
4.270980 467.577600 190.386000
4.285560 458.320800 195.919500
4.302160 456.456000 191.268000
4.318640 493.365600 199.416000
4.334950 487.149600 191.142000
4.353430 487.653600 193.578000
4.372230 478.178400 200.707500
4.384290 486.393600 200.970000
4.400530 485.940000 198.660000
4.416900 500.556000 188.118000
4.433280 499.296000 196.570500
4.466310 479.925600 86.425500
4.482910 465.645600 3.255000
4.499030 466.216800 5.901000
4.515520 456.792000 23.079000
4.531900 486.679200 46.945500
4.548190 489.518400 54.726000
4.564930 501.496800 56.647500
4.594780 505.058400 55.009500
4.598470 508.116000 64.848000
4.614210 531.770400 241.731000
4.630630 557.424000 486.948000
4.646870 554.299200 480.070500
4.663450 550.099200 604.117500
4.679940 502.303200 592.935000
4.698870 501.547200 591.171000
4.712820 494.222400 590.709000
4.729010 475.255200 605.923500
4.745390 470.400000 599.214000
4.762060 487.922400 579.589500
4.778390 474.633600 574.476000
4.811120 456.993600 568.123500
4.827800 477.909600 565.866000
4.844170 477.489600 564.627000
4.860650 455.364000 561.025500
4.878980 484.276800 571.704000
4.893220 480.765600 566.905500
4.918390 502.588800 583.254000
4.926180 483.890400 549.685500
4.942670 481.908000 546.420000
4.959160 475.893600 578.098500
4.975570 482.428800 583.558500
4.992060 482.496000 583.653000
5.008440 456.254400 574.024500
5.028390 482.865600 574.875000
5.041300 484.848000 578.014500
5.057700 470.887200 583.579500
5.074070 453.264000 614.187000
5.090750 455.431200 617.179500
5.107250 489.585600 608.674500
5.123510 484.713600 620.077500
5.139740 487.418400 624.529500
5.156180 485.637600 618.513000
5.172730 498.254400 644.206500
5.189180 501.144000 647.976000
5.205520 462.705600 466.137000
5.222260 479.270400 297.213000
5.246450 479.858400 299.397000
5.254900 558.952800 243.075000
5.271330 529.586400 270.595500
5.287450 528.964800 268.338000
5.304210 484.411200 234.454500
5.320670 493.231200 243.747000
5.353220 502.874400 236.313000
5.369790 519.842400 211.858500
5.386300 518.212800 207.238500
5.402680 520.598400 216.100500
5.419130 486.208800 221.802000
5.435670 486.780000 224.133000
5.452050 485.368800 239.631000
5.468240 518.044800 220.552500
5.484850 519.086400 222.747000
5.501260 431.558400 303.229500
5.517970 357.974400 363.048000
5.544300 359.301600 364.476000
5.550750 346.180800 367.983000
5.576700 331.346400 357.546000
5.583430 327.230400 351.372000
5.599760 374.068800 323.977500
5.616140 338.352000 326.445000
5.632920 338.352000 326.445000
5.649350 323.366400 330.256500
5.665520 318.360000 337.659000
5.682710 322.056000 344.253000
5.698260 376.572000 357.304500
5.714760 361.821600 360.475500
5.731130 365.517600 366.261000
5.747970 357.134400 382.231500
5.764330 332.841600 370.345500
5.780750 330.405600 366.502500
5.800660 323.971200 366.040500
5.813450 322.812000 351.918000
5.829940 317.906400 344.095500
5.846240 319.720800 343.308000
5.863020 324.424800 337.123500
5.879200 322.072800 333.291000
5.902400 355.051200 360.853500
5.912160 290.992800 569.950500
5.944760 305.810400 825.772500
5.961130 298.032000 795.270000
5.977630 301.711200 798.178500
5.994340 319.015200 800.173500
6.011950 319.888800 802.494000
6.026900 324.139200 805.287000
6.043280 339.292800 786.229500
6.059780 352.480800 798.598500
6.076150 354.950400 800.520000
6.092730 390.868800 839.443500
6.114100 341.695200 826.056000
6.125360 340.065600 825.195000
6.141920 367.130400 798.304500
6.158610 348.751200 801.433500
6.174880 350.347200 802.357500
6.191460 314.832000 817.488000
6.207840 343.274400 831.022500
6.233890 344.265600 831.936000
6.240630 480.513600 807.334500
6.256880 804.316800 808.573500
6.273250 803.796000 806.631000
6.290090 1313.793600 811.041000
6.306250 1298.942400 813.225000
6.322870 1297.850400 814.096500
6.339760 1327.636800 849.838500
6.355400 1271.020800 815.094000
6.372090 1273.305600 812.952000
6.388430 1279.252800 828.282000
6.405580 1295.246400 827.431500
6.421260 1295.767200 826.350000
6.447090 1298.001600 808.101000
6.454900 1189.927200 810.684000
6.470380 1190.196000 809.707500
6.487050 1182.888000 843.507000
6.503380 1199.436000 827.022000
6.520040 1197.907200 830.718000
6.536490 1197.672000 828.040500
6.561030 1179.914400 825.478500
6.569120 1181.073600 823.546500
6.585250 1184.282400 813.351000
6.601750 1209.146400 824.743500
6.618580 1211.515200 821.173500
6.635090 1216.706400 830.634000
6.651170 1218.823200 814.905000
6.667460 1220.066400 813.057000
6.684040 1224.753600 805.077000
6.700410 1244.308800 809.203500
6.733250 1205.282400 799.344000
6.750120 1210.507200 798.199500
6.784070 1238.899200 810.274500
6.799000 1240.276800 806.788500
6.815180 1238.949600 808.657500
6.831880 1218.084000 777.126000
6.848250 1226.584800 758.016000
6.865110 1225.308000 760.137000
6.884080 1245.165600 821.625000
6.897660 1207.869600 809.466000
6.930370 1221.460800 819.546000
6.947240 1213.648800 816.879000
6.963580 1212.976800 816.700500
6.980110 1229.659200 821.761500
6.996250 1229.928000 847.749000
7.012540 1229.373600 849.429000
7.029150 1283.704800 830.707500
7.045530 1368.847200 842.194500
7.063150 1366.915200 843.990000
7.078580 1368.763200 856.411500
