0.000000 112.479838 60.289345
0.008450 88.284808 46.074705
0.024460 45.796960 22.162635
0.040820 1.149508 -1.904409
0.057300 -23.941957 -14.182004
0.073550 -0.511032 0.980146
0.092150 1.007245 2.032738
0.106640 1.932692 2.858890
0.123150 2.486962 3.156241
0.139790 2.625255 2.807021
0.155820 1.475067 1.716817
0.172500 1.270478 0.630479
0.212040 1.775735 0.009120
0.221630 2.478523 -0.781408
0.238280 1.775411 -1.035507
0.255000 4.376387 -0.042693
0.271350 0.405963 -1.027801
0.287660 -7.172151 -3.538168
0.304060 -13.732411 -5.889865
0.320480 -18.741175 -7.329263
0.353470 -19.409031 -7.178357
0.369640 -16.660181 -6.240584
0.386310 -10.445472 -2.964748
0.402620 -4.062816 -0.332479
0.429660 2.098041 0.981223
0.435230 1.293602 0.073528
0.451970 0.652435 -0.496705
0.468400 2.523462 0.221339
0.484820 -1.819340 0.417353
0.501310 -7.647450 0.834994
0.517850 -11.127822 0.510953
0.540340 -12.172204 2.183481
0.550380 -11.413770 5.270760
0.566760 -11.503072 3.243565
0.599930 -3.762317 0.004448
0.616200 8.117578 -3.185545
0.632800 15.076416 -6.083896
0.649020 13.990652 -6.965667
0.665760 18.904191 2.884745
0.681780 11.001251 0.527947
0.698140 -9.941887 -11.261931
0.714800 -28.847007 -27.810542
0.731370 -38.492907 -43.548088
0.756610 -33.422689 -45.567611
0.796890 -26.173485 -38.539493
0.813290 -16.732986 -23.467710
0.829970 -2.929272 -4.409724
0.848310 6.654956 8.512854
0.865360 2.620156 3.516269
0.879240 1.674456 2.190706
0.895390 3.455602 2.296862
0.911770 3.150431 2.208275
0.928250 1.416379 2.519732
0.945010 -1.913403 1.661184
0.961360 -4.229931 0.884771
0.977650 -2.967437 0.189570
0.994230 -1.431744 -1.244903
1.010390 -0.064690 -1.584648
1.026890 1.543772 -1.586637
1.045390 1.532557 -2.745708
1.059810 0.826314 -4.334639
1.083130 -1.316299 -3.164891
1.092620 -2.754358 -2.382228
1.109070 -3.002638 -2.822812
1.125690 -0.523855 0.554936
1.141940 0.830168 4.536361
1.158430 0.962235 5.738994
1.176930 0.594018 4.869724
1.192960 1.422024 6.765079
1.207690 5.124090 9.596991
1.223890 4.567680 12.254739
1.240390 5.129712 11.729165
1.257130 6.096533 10.532371
1.273280 3.026522 9.416800
1.289980 -0.541156 4.524956
1.316940 -1.672761 -0.164505
1.322570 -0.898443 -0.105087
1.338820 0.925102 1.700458
1.355850 0.254438 2.413677
1.371890 -0.247150 1.702004
1.388290 1.092151 1.091109
1.412230 -0.692445 -1.892049
1.420990 -4.345167 -0.824292
1.437330 -2.328443 2.632966
1.453890 1.468549 6.015420
1.470380 0.532688 11.939969
1.487120 -0.034581 11.003336
1.503490 -1.364497 5.850699
1.519590 -1.065487 -3.337783
1.536060 -2.256078 -8.103040
1.552750 -0.164399 -8.924793
1.569110 0.213428 -3.743721
1.585620 1.750793 0.476680
1.601990 0.899957 3.812668
1.618550 -2.259179 6.559605
1.635770 -1.836376 3.283666
1.651150 -0.823328 1.084215
1.667630 -0.290724 -0.296753
1.684080 -0.446368 0.037334
1.700740 -1.502403 -0.852682
1.717120 -1.871787 -1.124088
1.741930 0.638278 -1.628190
1.749590 2.924006 -2.388136
1.766020 2.362973 -2.025817
1.782520 1.227236 -2.422691
1.798900 -0.444374 -1.998469
1.817500 -1.222860 -1.066724
1.832120 0.088292 -0.039645
1.848080 1.363221 1.155665
1.864670 3.136333 2.805499
1.881040 2.316583 2.805708
1.897740 0.600950 2.576036
1.913930 -1.842328 3.018854
1.930530 -1.131755 2.310676
1.956670 0.102831 2.687434
1.962940 1.861120 0.634843
1.979630 1.163462 -1.889724
1.996370 0.093956 -5.217227
2.015290 -2.389794 -5.870180
2.029240 -3.613490 -3.943536
2.045720 -3.220929 -0.459101
2.074140 -0.859191 1.565752
2.078250 1.271624 1.957513
2.094600 1.863793 3.102225
2.127690 0.599388 3.153628
2.144060 -1.130532 2.995688
2.178860 -1.813287 1.865631
2.193310 -1.433647 1.783474
2.209820 -0.839649 -0.326996
2.226010 0.382073 -3.533843
2.242630 2.235374 -5.712800
2.258930 1.575731 -3.756180
2.284380 0.643952 0.307570
2.293200 -0.345146 3.347423
2.308110 -0.486424 3.194657
2.324420 -0.207776 1.938765
2.341050 0.149612 -0.907812
2.357360 0.009367 -1.796881
2.373720 1.171607 -1.810782
2.396330 0.532784 -1.896502
2.406910 -0.325992 -1.689481
2.423130 -0.492439 -1.416377
2.439620 -0.636003 -0.424049
2.456120 -0.368632 -2.348477
2.472870 -0.787851 -2.381505
2.489240 -0.939366 -2.040488
2.505230 -1.363215 -0.658987
2.521930 -1.378544 -1.836564
2.538310 -1.237877 -1.229312
2.571380 -0.009433 0.331213
2.587680 0.893009 2.211568
2.610180 1.424265 3.810824
2.620240 1.050987 2.282203
2.636930 -0.799353 1.228050
2.653310 0.626213 -0.673564
2.669800 1.161104 -3.514031
2.686170 0.040697 -1.878162
2.702470 -0.240698 2.151117
2.720690 -0.160844 6.087910
2.735550 0.426083 7.933231
2.767990 1.055641 7.607779
2.784620 0.801522 3.464705
2.800990 -1.058882 -0.963945
2.817670 0.803156 -5.939085
2.835820 -0.504223 -8.744151
2.866880 -1.994265 -4.950573
2.883270 -1.943567 -1.749043
2.916170 -2.433059 1.872302
2.940220 -1.763008 3.509546
2.965410 -0.819800 3.557389
2.982100 0.312315 1.209352
2.998470 1.862229 -0.708337
3.014740 4.257661 -1.514353
3.031160 2.704376 0.271742
3.050080 0.767770 1.944542
3.064190 -0.414032 2.789247
3.080250 -4.339452 0.812691
3.096690 -2.826541 1.682585
3.113250 7.121353 5.550754
3.129930 17.678648 9.201832
3.146180 24.836965 13.300404
3.163600 28.307623 14.271987
3.178970 27.042447 11.571394
3.195340 18.557569 7.392596
3.211910 7.077565 1.346393
3.228100 -2.568273 -4.824774
3.244800 -3.620097 -3.767140
3.265430 -1.950541 -1.954925
3.277530 -2.356993 0.773578
3.293900 -0.666096 3.779857
3.310200 1.222389 3.844686
3.326980 1.641382 1.837317
3.343150 -0.050661 1.699542
3.359660 -0.431038 -0.096415
3.379320 -1.416525 -0.593851
3.392820 1.281343 1.810293
3.408860 -0.140367 2.268783
3.425250 -1.543072 -1.944348
3.442060 -8.894759 7.295594
3.458440 -12.705143 3.465965
3.474850 -5.927754 -9.196420
3.490940 -9.450302 -17.760319
3.507400 -12.633606 -21.641142
3.523860 -13.140142 -17.641141
3.540240 -14.226590 -11.446074
3.606110 -16.650179 -2.586784
3.622360 -13.069842 8.348644
3.638850 -8.886540 17.703756
3.655530 1.656703 5.584477
3.671920 7.027978 2.414976
3.688400 0.040987 4.763954
3.706700 0.898214 5.263399
3.721160 -0.534104 3.323777
3.753860 -2.335680 -0.025168
3.770230 -1.467199 -0.630154
3.786740 -0.811818 0.585384
3.813200 -0.464151 -0.342910
3.819440 0.595703 -0.900333
3.835920 1.280619 -2.710395
3.852170 -1.140304 -6.897373
3.868870 -2.395043 -11.471585
3.885240 -3.667408 -13.673161
3.901730 -3.608222 -12.099023
3.922820 -3.022635 -7.764262
3.934750 -1.028144 -1.644360
3.950990 0.210664 0.827422
3.967360 1.384240 1.958617
3.988140 -0.630926 1.317551
4.000400 -0.945367 -0.007865
4.016920 0.573465 0.097466
4.033050 2.107992 0.320473
4.049800 2.812756 -0.550715
4.066130 1.941480 -2.730683
4.082550 0.358836 -4.266514
4.099140 -2.069488 -4.887744
4.115360 -3.710078 -2.997627
4.141310 -3.370424 -0.000485
4.148070 0.346031 -0.132184
4.164570 2.259016 -1.810047
4.181000 1.914012 -1.656910
4.197310 1.213394 -0.620387
4.214000 1.112770 0.883047
4.230590 1.141380 2.804565
4.246800 1.276725 4.226417
4.263150 2.529867 3.363329
4.295970 1.616715 1.922694
4.312520 -1.328032 1.069162
4.329030 -4.003340 2.026648
4.345600 -5.226469 2.420132
4.364960 -4.343651 -0.967893
4.378270 -2.807900 -3.174424
4.394760 -0.441191 -3.740350
4.411240 2.286626 -3.003324
4.427490 2.001083 -2.647600
4.443980 -0.170491 -0.456985
4.468810 -0.343007 0.943491
4.476700 -0.595452 0.383570
4.493120 -0.027225 1.379836
4.509720 0.701169 2.348212
4.526310 3.303175 4.486991
4.542530 2.986492 4.429162
4.558910 2.179959 1.122734
4.591900 1.125431 -4.802314
4.608110 0.737623 -4.845733
4.641310 -0.842229 -0.932206
4.657680 -2.463227 2.145256
4.690200 -1.926267 6.312056
4.706770 -1.596674 9.135899
4.723190 1.333242 6.303892
4.739640 1.198822 0.248981
4.756320 1.491977 -6.907082
4.772740 2.855740 -5.885276
4.796550 0.982897 -0.468059
4.805360 -2.494242 3.238112
4.821730 -2.564659 1.949619
4.838100 -1.926522 3.405167
4.854600 -1.022808 0.732532
4.871340 -0.056739 -4.270741
4.887710 -2.751195 -4.337882
4.906300 -1.660163 -2.092301
4.936720 0.532094 2.849316
4.953110 -0.121115 4.343686
4.969970 0.785151 4.255310
4.986340 3.490079 -0.381633
5.002530 3.018515 -4.578546
5.018950 1.209466 -8.901004
5.035660 0.670813 -9.117513
5.051850 3.169064 -8.371315
5.068220 4.222471 -5.003137
5.084930 2.010347 3.478830
5.101490 -0.421082 17.702217
5.121920 -3.358897 10.406283
5.134030 -4.785416 -5.000902
5.150040 -5.118656 -14.857913
5.166730 -5.714015 -17.742453
5.347410 -2.952211 -16.329881
5.363920 0.837738 -5.909414
5.380420 2.273134 8.844243
5.405230 5.238565 20.526301
5.429460 7.616175 17.668939
5.449400 6.587305 1.345059
5.478850 3.679838 -0.836581
5.495220 -1.613352 0.909475
5.512970 -4.629973 1.013569
5.528460 -2.706161 1.044233
5.544800 1.592257 2.029793
5.560930 2.436043 0.895823
5.577510 2.745573 -0.905683
5.594210 1.727472 -1.267303
5.610400 -2.624698 -2.150452
5.627080 -4.069063 -0.507387
5.643330 -2.503666 2.430764
5.671980 0.833194 2.200835
5.676680 2.475852 1.147327
5.692500 1.583507 0.439757
5.708880 1.111512 -1.437179
5.725570 0.512965 -3.525771
5.742080 -0.642575 -3.481316
5.760350 -2.922172 -2.829601
5.780300 -2.142793 -0.264872
5.791120 -2.534419 -1.085073
5.807340 -2.439607 -2.882343
5.823840 0.806675 -1.492871
5.840230 1.814599 2.287804
5.856920 3.573106 4.324792
5.873260 2.027653 5.302487
5.891720 1.309812 5.810270
5.922520 -0.228650 3.325435
5.939210 0.071059 -0.198333
5.955470 -1.602156 -3.820482
5.971850 -0.051092 -2.365678
5.998310 -0.223603 -0.285283
6.004410 -2.043300 0.558960
6.020770 -0.756314 -1.628035
6.037460 -0.647341 -0.464209
6.070540 -0.182100 1.997186
6.088900 -0.245862 2.646714
6.107190 1.163744 3.436324
6.119630 0.857500 1.551082
6.135970 2.392629 2.570460
6.152340 0.336315 -0.081069
6.168840 -1.414335 -2.596920
6.185210 -2.908328 -3.294703
6.218220 -2.938068 -2.722516
6.234650 -0.997955 -2.394957
6.251140 0.817111 -3.467257
6.268160 1.828749 -5.074829
6.283940 0.559445 -6.945550
6.300400 -0.514392 -3.386254
6.323650 -2.245658 -2.189695
6.333210 -3.417904 -0.781599
6.349470 -0.292341 0.182991
6.366030 1.749539 1.349201
6.382510 1.591975 3.173455
6.398970 1.151548 2.246462
6.415570 0.510080 2.399274
6.434300 0.341406 2.108805
6.448440 -0.857530 3.792979
6.464460 0.194200 2.634851
6.480960 2.850715 2.907738
6.497340 4.527729 2.567749
6.513820 2.331967 1.139148
6.530240 1.465319 -1.890348
6.549850 0.078192 -5.395456
6.563110 -1.304223 -6.432429
6.579740 -1.106387 -6.726478
6.595960 -0.847606 -2.617753
6.612610 -0.095480 1.154805
6.629210 -2.705632 5.006412
6.660740 -3.544005 4.837279
6.663730 -0.785405 2.864779
6.677950 0.423185 1.233333
6.694340 1.397493 -2.696174
6.711290 2.414353 -6.380250
6.727690 2.683747 -6.214770
6.761920 1.609260 -3.456809
6.776610 1.598813 -0.145282
6.809480 0.214679 2.840588
6.826170 -0.744567 3.423828
6.842350 -2.302069 4.915446
6.858840 -5.119658 4.007694
6.875230 -5.977149 -0.099259
6.891600 -5.164824 -0.820309
6.913090 -1.317796 -0.333405
6.924590 2.310067 -0.544486
6.941090 4.101938 0.346908
6.957670 1.078007 1.510216
6.982800 1.453873 4.238990
6.990480 1.913058 5.454810
7.006590 0.403104 4.111485
7.023090 13.977355 9.886015
7.056320 0.341740 1.360726
7.072690 -24.623413 -14.054104
7.088960 -48.873354 -27.645901
7.105030 -63.773050 -34.658649
