0.000000 29.652000 974.421000
0.019780 39.883200 977.781000
0.032820 70.862400 1000.177500
0.051260 72.861600 991.830000
0.065380 68.040000 990.255000
0.081890 25.334400 1011.801000
0.098520 6.115200 1039.237500
0.114810 11.121600 1040.256000
0.131390 9.055200 1030.869000
0.148050 68.661600 1039.930500
0.164540 72.424800 1041.064500
0.197260 64.663200 1044.403500
0.213450 72.626400 1046.503500
0.279720 271.807200 970.063500
0.298170 564.043200 889.633500
0.322450 562.228800 887.806500
0.328430 621.432000 795.501000
0.344850 634.099200 820.533000
0.361690 629.731200 814.159500
0.378230 612.158400 844.137000
0.394380 637.358400 831.348000
0.433560 620.508000 828.219000
0.443610 627.463200 822.475500
0.460140 629.042400 824.701500
0.476720 623.901600 785.620500
0.493220 628.992000 791.784000
0.525890 638.064000 781.945500
0.542310 587.126400 819.640500
0.558840 585.345600 817.393500
0.574980 582.976800 807.303000
0.591350 586.437600 789.442500
0.607670 583.951200 785.883000
0.625860 585.295200 761.134500
0.649940 695.184000 768.222000
0.657070 695.570400 769.429500
0.673490 862.276800 562.327500
0.689930 863.805600 571.095000
0.706370 864.192000 572.785500
0.723100 876.355200 590.404500
0.739570 859.303200 544.435500
0.758560 859.773600 548.016000
0.771950 888.736800 556.626000
0.788520 885.998400 542.808000
0.805340 885.292800 537.253500
0.821470 874.557600 600.411000
0.838100 867.820800 591.979500
0.854590 867.837600 592.168500
0.870840 903.823200 580.219500
0.887300 907.687200 569.310000
0.903540 907.704000 569.509500
0.920340 881.260800 568.554000
0.947510 884.906400 582.666000
0.952810 884.486400 578.728500
0.973170 896.985600 583.558500
0.985630 857.052000 578.508000
1.002140 857.438400 580.177500
1.018710 759.376800 508.158000
1.035210 704.978400 533.484000
1.056890 705.398400 534.996000
1.067880 736.226400 535.384500
1.085930 709.699200 527.698500
1.100770 712.168800 535.552500
1.117100 746.272800 537.369000
1.133470 729.019200 558.432000
1.150340 730.161600 562.201500
1.166690 759.410400 577.605000
1.183090 769.221600 563.377500
1.201480 768.314400 559.807500
1.215660 739.636800 572.754000
1.232160 733.017600 564.679500
1.248800 731.959200 561.172500
1.265330 765.811200 562.516500
1.283510 776.395200 554.526000
1.307250 775.555200 551.008500
1.314240 749.397600 561.466500
1.330600 732.194400 529.672500
1.347100 733.236000 533.274000
1.363470 746.642400 519.235500
1.380340 741.888000 527.341500
1.396620 742.492800 529.042500
1.414180 754.303200 542.325000
1.429390 720.232800 529.987500
1.445590 720.165600 529.777500
1.462090 714.268800 504.136500
1.478830 722.618400 498.382500
1.495300 719.611200 488.229000
1.511600 758.150400 521.157000
1.528540 682.063200 480.900000
1.553310 680.702400 476.752500
1.560580 983.841600 524.674500
1.577240 1011.343200 515.886000
1.593660 1011.544800 514.206000
1.610110 1012.569600 497.143500
1.632300 965.260800 504.199500
1.659430 1003.850400 505.218000
1.675720 986.580000 498.603000
1.692450 986.496000 500.934000
1.708800 977.709600 539.626500
1.725250 971.308800 525.871500
1.758080 996.844800 537.558000
1.774230 1002.036000 575.757000
1.790590 1002.052800 575.400000
1.807270 1189.776000 1034.061000
1.823980 1079.534400 910.203000
2.004210 828.105600 450.859500
2.020460 814.783200 409.605000
2.037100 815.320800 412.219500
2.053470 806.198400 447.268500
2.069950 828.760800 456.214500
2.086480 829.164000 458.703000
2.102760 836.337600 449.515500
2.119260 835.968000 438.312000
2.135910 836.824800 444.654000
2.152460 852.583200 500.934000
2.183290 848.500800 455.710500
2.187190 849.324000 461.811000
2.201360 845.728800 456.267000
2.217740 849.105600 446.292000
2.250610 839.596800 467.019000
2.267110 865.989600 499.191000
2.283310 865.569600 495.705000
2.299850 853.557600 466.326000
2.316350 841.579200 456.855000
2.332730 841.932000 458.724000
2.349230 821.587200 461.307000
2.365950 841.394400 488.743500
2.382420 841.596000 490.539000
2.398590 857.455200 482.097000
2.415200 802.737600 459.816000
2.447850 823.771200 447.930000
2.464550 822.679200 469.885500
2.480950 822.528000 468.006000
2.506050 806.282400 487.725000
2.513410 817.152000 477.645000
2.529860 815.253600 467.113500
2.546160 754.034400 465.381000
2.562740 774.177600 451.069500
2.579230 773.808000 449.148000
2.595610 754.790400 475.860000
2.612040 743.601600 456.939000
2.628480 743.937600 458.797500
2.644860 748.776000 475.461000
2.661360 826.694400 493.405500
2.677740 827.383200 497.731500
2.694230 806.164800 509.050500
2.710760 796.756800 511.161000
2.727210 797.529600 515.035500
2.743730 803.409600 538.660500
2.759840 829.180800 529.105500
2.777210 829.768800 532.728000
2.793080 771.103200 536.392500
2.809240 789.768000 522.448500
2.830010 789.516000 520.653000
2.842040 948.830400 502.939500
2.858500 958.725600 497.563500
2.875000 958.675200 499.401000
2.891700 901.051200 466.494000
2.907750 916.120800 502.845000
2.924250 915.952800 496.996500
2.940550 704.978400 506.016000
2.957210 375.816000 533.862000
2.973450 379.579200 539.070000
2.989840 216.552000 580.986000
3.006620 247.413600 590.089500
3.022990 245.532000 588.283500
3.039230 260.484000 605.787000
3.055620 244.860000 545.643000
3.071980 249.916800 550.966500
3.088630 206.152800 597.114000
3.104940 228.698400 584.965500
3.137670 231.151200 567.724500
3.159030 256.502400 557.245500
3.170570 256.771200 557.539500
3.187080 215.644800 570.150000
3.203620 257.208000 588.745500
3.236660 262.953600 576.754500
3.257000 200.306400 595.392000
3.272030 196.795200 592.126500
3.285910 235.216800 564.900000
3.302080 251.109600 553.864500
3.318460 249.261600 551.953500
3.334840 229.924800 568.428000
3.351330 240.458400 564.270000
3.367640 242.037600 565.876500
3.384020 689.337600 599.550000
3.400650 909.955200 645.960000
3.417440 910.190400 649.078500
3.433580 929.930400 644.290500
3.452070 898.951200 638.851500
3.466690 898.984800 639.114000
3.488790 903.302400 600.295500
3.499260 908.023200 621.001500
3.515640 908.292000 624.288000
3.532440 885.410400 637.413000
3.548820 920.673600 639.450000
3.564860 920.421600 630.777000
3.581370 922.605600 658.812000
3.597660 916.003200 630.598500
3.614240 915.264000 622.083000
3.630810 1113.067200 677.092500
3.647110 1471.596000 581.679000
3.680110 1601.292000 678.867000
3.702680 1633.346400 673.732500
3.712700 1625.551200 681.754500
3.729240 1547.515200 691.645500
3.745590 1586.726400 703.447500
3.761870 1583.299200 706.828500
3.778800 1590.136800 741.867000
3.795180 1571.707200 700.056000
3.813630 1573.336800 698.470500
3.827660 1561.896000 721.507500
3.844190 1421.481600 723.072000
3.860440 1419.247200 726.043500
3.877260 824.745600 720.121500
3.893660 732.816000 706.597500
3.909840 731.354400 702.607500
3.926280 738.931200 663.442500
3.942710 762.636000 662.812500
3.959210 761.678400 659.662500
3.975590 769.675200 704.319000
3.992020 759.360000 674.520000
4.008570 756.873600 666.844500
4.034160 1324.898400 994.854000
4.221780 892.382400 432.337500
4.238380 843.914400 450.712500
4.254870 844.855200 456.928500
4.270960 821.167200 428.925000
4.287460 812.985600 489.415500
4.303840 813.943200 495.516000
4.320710 863.268000 447.342000
4.336710 848.064000 444.423000
4.353080 848.685600 449.148000
4.369750 898.027200 492.639000
4.386320 1010.318400 596.022000
4.403070 1010.553600 592.284000
4.419370 895.591200 722.683500
4.435840 934.516800 692.076000
4.452070 934.382400 689.241000
4.471660 929.829600 687.561000
4.485090 941.438400 672.052500
4.501320 941.472000 670.509000
4.517700 960.086400 657.195000
4.534560 908.745600 704.644500
4.550930 908.997600 707.679000
4.567310 956.138400 721.990500
4.585020 926.620800 714.472500
4.599840 926.436000 711.606000
4.616530 930.468000 710.031000
4.632710 932.635200 695.940000
4.649650 932.769600 700.234500
4.665740 901.051200 640.038000
4.689280 914.995200 660.565500
4.701270 915.028800 662.161500
4.720700 858.328800 660.072000
4.731490 870.794400 695.037000
4.747870 871.584000 699.279000
4.764370 873.012000 691.225500
4.780750 895.070400 712.404000
4.797380 894.768000 709.590000
4.813420 897.506400 655.777500
4.829670 883.814400 649.824000
4.846360 883.848000 650.076000
4.862730 902.966400 468.699000
4.879230 910.560000 451.353000
4.912070 940.749600 499.506000
4.928390 922.387200 503.380500
4.944760 922.320000 501.448500
4.961330 908.628000 481.152000
4.977730 921.396000 459.385500
4.994360 921.009600 451.258500
5.018550 935.155200 449.977500
5.029980 911.904000 452.770500
5.043430 911.769600 454.545000
5.059690 908.392800 487.620000
5.076180 877.732800 470.001000
5.093050 878.522400 477.970500
5.109550 915.112800 487.095000
5.125520 903.705600 444.801000
5.141950 904.276800 453.264000
5.158450 831.969600 484.732500
5.174830 737.234400 490.822500
5.208040 681.139200 455.836500
5.224580 701.400000 445.221000
5.240500 699.720000 438.994500
5.257030 702.156000 493.720500
5.273450 702.273600 476.542500
5.289820 700.677600 472.311000
5.306440 716.284800 481.320000
5.323050 738.964800 461.002500
5.344380 739.485600 462.934500
5.355760 725.894400 483.535500
5.371940 729.573600 463.732500
5.388440 730.699200 467.953500
5.405150 723.290400 517.272000
5.421670 722.920800 472.090500
5.438060 723.424800 474.169500
5.460640 718.636800 446.848500
5.470930 731.808000 513.261000
5.486940 732.799200 516.747000
5.503440 712.706400 486.948000
5.520180 719.023200 521.440500
5.537360 719.611200 523.236000
5.562780 747.364800 503.191500
5.568880 870.895200 489.636000
5.585380 870.055200 481.981500
5.602090 927.662400 503.727000
5.618770 891.693600 470.200500
5.634850 891.391200 466.546500
5.651280 880.252800 485.320500
5.669650 915.012000 485.887500
5.684210 915.247200 487.819500
5.700710 911.584800 480.627000
5.717260 909.148800 473.119500
5.733770 908.796000 470.872500
5.749930 896.800800 463.186500
5.766350 920.102400 458.356500
5.782640 919.900800 454.345500
5.799210 898.783200 492.870000
5.815720 882.957600 449.484000
5.832220 882.403200 442.984500
5.848790 910.660800 456.246000
5.864930 893.491200 424.830000
5.890890 893.172000 422.688000
5.897640 904.024800 431.917500
5.914010 915.952800 395.944500
5.930570 916.154400 397.992000
5.946940 916.540800 433.366500
5.963550 840.924000 428.641500
5.980140 842.284800 439.362000
5.999890 839.664000 459.784500
6.012930 836.186400 493.353000
6.029050 836.757600 497.196000
6.045560 795.765600 451.951500
6.062240 807.340800 462.136500
6.078790 807.374400 462.367500
6.094920 824.577600 466.945500
6.113920 793.951200 502.089000
6.127820 794.925600 507.129000
6.144250 792.943200 510.489000
6.160700 828.576000 510.625500
6.177290 829.147200 514.185000
6.193670 806.752800 528.853500
6.220770 805.560000 572.901000
6.226100 806.248800 576.240000
6.242660 816.026400 569.446500
6.259040 824.090400 550.525500
6.275540 823.368000 545.643000
6.292100 824.157600 559.009500
6.308720 811.036800 573.426000
6.327650 810.633600 571.767000
6.341460 785.584800 537.558000
6.357680 802.704000 551.764500
6.390710 762.333600 535.720500
6.407260 787.634400 551.901000
6.423600 787.567200 551.596500
6.439780 768.667200 530.439000
6.456460 802.065600 527.278500
6.472930 801.847200 525.640500
6.489410 777.067200 554.316000
6.505670 805.207200 575.820000
6.522090 804.753600 574.108500
6.545990 804.669600 576.744000
6.554930 783.585600 510.604500
6.571300 784.173600 512.746500
6.587680 759.813600 550.809000
6.604170 750.573600 543.543000
6.620880 749.582400 539.878500
6.637290 796.118400 560.049000
6.655270 785.265600 577.426500
6.670130 784.526400 574.255500
6.686290 808.600800 533.305500
6.702670 781.267200 540.036000
6.719380 780.444000 536.445000
6.735880 777.252000 549.108000
6.752060 771.019200 520.747500
6.768540 771.892800 524.401500
6.784820 780.208800 531.898500
6.802550 808.953600 580.576500
6.818040 808.785600 578.844000
6.834410 801.780000 520.233000
6.850690 774.228000 534.880500
6.873500 774.177600 534.670500
6.883590 761.846400 548.173500
6.899800 835.598400 542.115000
6.916180 834.775200 538.408500
6.933030 734.143200 551.113500
6.949400 612.158400 582.225000
6.965900 616.308000 590.541000
6.986550 223.087200 512.557500
6.998600 213.897600 546.000000
