0.000000 835.968000 401.845500
0.016290 855.422400 450.208500
0.040050 867.703200 478.989000
0.049010 867.585600 480.742500
0.065650 852.398400 500.083500
0.081570 856.212000 518.773500
0.097950 856.497600 522.112500
0.114280 856.934400 520.548000
0.132270 845.930400 504.756000
0.147160 846.283200 508.210500
0.163660 880.034400 529.378500
0.179920 868.627200 501.942000
0.197090 868.526400 503.454000
0.213300 857.421600 475.650000
0.229990 857.404800 488.428500
0.246130 857.858400 488.271000
0.262430 853.171200 481.351500
0.279210 827.030400 484.974000
0.295260 826.207200 477.897000
0.311760 797.731200 462.934500
0.328350 832.591200 476.133000
0.345000 831.482400 466.158000
0.373590 873.012000 451.395000
0.381730 760.653600 348.621000
0.394060 760.687200 350.626500
0.410400 468.232800 292.488000
0.426830 446.577600 306.117000
0.443490 447.871200 308.164500
0.459950 449.013600 267.666000
0.485990 437.472000 281.022000
0.508870 445.704000 283.437000
0.525240 404.846400 290.776500
0.542040 402.746400 286.566000
0.558310 463.260000 312.816000
0.574920 469.996800 307.177500
0.591000 470.635200 309.288000
0.607370 471.021600 339.118500
0.623870 459.093600 326.392500
0.640380 460.320000 328.377000
0.656540 451.584000 307.797000
0.673300 484.915200 319.557000
0.706050 497.532000 303.838500
0.722550 514.063200 291.144000
0.739160 512.383200 286.902000
0.755380 471.576000 268.401000
0.771920 497.464800 267.246000
0.788410 498.103200 269.461500
0.811220 501.900000 281.914500
0.821370 477.960000 274.806000
0.837250 477.489600 272.779500
0.853750 565.538400 297.874500
0.870620 595.089600 300.583500
0.887040 596.383200 304.647000
0.903500 589.982400 296.047500
0.919630 617.937600 320.859000
0.936020 617.064000 318.759000
0.952390 621.079200 299.586000
0.969000 583.816800 295.837500
0.985460 585.211200 300.079500
1.001870 875.212800 261.030000
1.028140 1191.691200 263.476500
1.034460 1193.740800 256.284000
1.051210 1346.688000 281.746500
1.067560 1322.126400 248.619000
1.084090 1322.630400 246.246000
1.100580 1361.908800 260.032500
1.117030 1356.415200 263.119500
1.149780 1362.127200 300.090000
1.165870 1358.834400 301.129500
1.182250 1356.180000 308.343000
1.199240 1340.287200 296.278500
1.215610 1320.480000 294.052500
1.232110 1321.051200 291.711000
1.248360 1382.354400 290.829000
1.265420 1405.689600 305.476500
1.280960 1407.050400 303.471000
1.297530 1428.974400 282.733500
1.314030 1418.491200 282.964500
1.352230 1436.064000 276.612000
1.363160 1421.935200 275.499000
1.379540 1423.917600 271.089000
1.396120 1406.344800 273.609000
1.412740 1423.615200 264.778500
1.445550 1389.494400 273.882000
1.462830 1394.517600 272.517000
1.494490 1429.864800 284.718000
1.510980 1397.928000 313.803000
1.544210 1409.822400 735.378000
1.560540 1368.612000 769.198500
1.593200 1391.846400 757.438500
1.609510 1378.624800 773.367000
1.642500 1399.255200 751.474500
1.659230 1352.668800 761.617500
1.680830 1351.392000 762.688500
1.692000 1389.578400 723.628500
1.708120 1373.282400 764.473500
1.724500 1370.728800 767.655000
1.741350 1352.736000 780.591000
1.757550 1362.127200 812.164500
1.792680 1371.854400 779.625000
1.807130 1379.666400 772.737000
1.823110 1378.372800 773.724000
1.839480 1363.840800 768.327000
1.856330 1362.160800 760.798500
1.872630 1362.093600 760.861500
1.897050 1385.344800 806.137500
1.905190 1387.764000 829.237500
1.921700 1383.681600 832.986000
1.938140 1380.019200 819.378000
1.954520 1364.160000 818.275500
1.971120 1365.537600 817.257000
1.987650 1349.191200 813.603000
2.006110 1357.658400 805.959000
2.020280 1359.624000 803.922000
2.036730 1390.569600 817.897500
2.053110 1381.279200 770.626500
2.069660 1385.244000 766.353000
2.086320 1093.545600 775.981500
2.102730 697.636800 739.651500
2.122300 696.729600 738.622500
2.135610 434.565600 728.196000
2.151630 438.715200 746.434500
2.168130 440.126400 747.400500
2.184470 464.553600 764.935500
2.202760 460.387200 757.501500
2.226820 461.042400 758.562000
2.233820 470.920800 758.089500
2.250260 499.094400 743.211000
2.266630 500.253600 744.261000
2.283070 515.272800 750.351000
2.299510 512.366400 739.263000
2.316000 514.113600 741.436500
2.336320 447.770400 754.519500
2.349020 492.727200 720.741000
2.365280 492.676800 720.667500
2.381460 489.568800 748.293000
2.398470 524.932800 751.243500
2.431030 523.118400 746.161500
2.447340 516.028800 761.229000
2.480280 517.204800 768.148500
2.496780 529.166400 771.361500
2.513430 529.687200 772.390500
2.529700 491.685600 757.921500
2.554450 480.496800 772.453500
2.562300 480.564000 772.516500
2.578860 477.808800 757.869000
2.595240 487.099200 743.137500
2.611610 486.494400 742.077000
2.628380 458.270400 701.683500
2.644800 555.962400 537.579000
2.665560 554.383200 534.418500
2.677520 518.028000 282.261000
2.693730 523.336800 237.300000
2.710100 519.892800 227.808000
2.726970 513.072000 236.953500
2.743470 529.838400 252.325500
2.759890 528.091200 247.506000
2.779760 495.499200 283.353000
2.792750 508.183200 250.047000
2.809370 506.620800 245.941500
2.825590 512.248800 253.627500
2.841930 491.097600 208.582500
2.858240 492.962400 213.507000
2.882430 521.757600 229.960500
2.891110 523.135200 233.782500
2.907160 524.899200 238.686000
2.924040 483.302400 269.818500
2.940540 451.063200 310.306500
2.973230 470.685600 255.255000
2.991440 471.609600 248.986500
3.006310 473.911200 255.423000
3.022350 497.968800 305.487000
3.038850 495.969600 322.843500
3.055560 497.095200 324.849000
3.071970 501.429600 331.222500
3.088280 498.808800 335.076000
3.121160 527.654400 307.986000
3.137690 512.500800 302.347500
3.153830 509.208000 294.115500
3.170410 540.624000 285.327000
3.186580 544.723200 298.945500
3.207670 546.184800 302.946000
3.219660 538.372800 299.071500
3.235980 541.111200 306.537000
3.269170 540.120000 300.300000
3.285360 545.815200 316.680000
3.301650 547.293600 320.649000
3.318810 551.258400 328.429500
3.334780 644.196000 306.474000
3.350970 643.087200 302.400000
3.367350 1318.380000 303.618000
3.384180 1413.283200 316.963500
3.400400 1411.368000 321.069000
3.416910 1390.855200 323.998500
3.438680 1363.353600 334.918500
3.449480 1365.084000 330.876000
3.465790 1362.732000 349.828500
3.482550 1359.321600 347.980500
3.515350 1353.508800 307.954500
3.540290 1351.358400 305.613000
3.548230 1353.021600 301.497000
3.564480 1379.112000 261.082500
3.580980 1369.989600 291.322500
3.614210 1388.217600 304.510500
3.630410 1389.645600 311.419500
3.646840 1388.368800 313.414500
3.663280 1379.397600 317.184000
3.679660 1371.451200 323.295000
3.696150 1370.880000 325.489500
3.712710 1387.713600 335.947500
3.728970 1405.051200 281.337000
3.764760 1395.424800 302.095500
3.778440 1410.712800 296.173500
3.794610 1412.661600 291.868500
3.811330 1413.871200 311.913000
3.827710 1410.242400 337.302000
3.865200 1412.560800 329.427000
3.876750 1381.413600 297.328500
3.893100 1383.446400 292.551000
3.909480 1381.850400 674.950500
3.925980 1396.701600 834.246000
3.942350 1397.659200 833.112000
3.958890 1427.294400 850.038000
3.976130 1431.763200 840.168000
3.991780 1432.015200 839.958000
4.008240 1436.551200 851.865000
4.024650 1428.168000 845.113500
4.041160 1426.017600 846.856500
4.057400 1186.130400 810.106500
4.084220 674.973600 823.798500
4.090030 677.107200 826.696500
4.106580 443.200800 771.498000
4.123220 471.979200 792.477000
4.139760 474.112800 794.629500
4.155920 479.304000 777.220500
4.172370 453.566400 772.821000
4.188670 455.800800 775.089000
4.205230 452.121600 801.696000
4.221610 464.200800 809.014500
4.238110 462.218400 807.135000
4.254830 457.850400 784.612500
4.271300 496.524000 786.334500
4.287470 494.709600 784.371000
4.306410 445.132800 748.944000
4.320230 497.179200 758.341500
4.353030 475.893600 755.643000
4.369640 473.172000 742.035000
4.414450 501.026400 768.285000
4.419210 502.252800 758.499000
4.451590 476.044800 763.591500
4.468430 525.436800 772.894500
4.484830 524.277600 771.928500
4.501330 506.352000 747.306000
4.520300 482.949600 759.360000
4.533900 483.453600 759.202500
4.550210 519.943200 798.630000
4.566580 320.191200 800.530500
4.583280 318.444000 799.501500
4.599610 280.308000 815.503500
4.616150 286.490400 808.836000
4.632340 284.793600 807.975000
4.648830 317.788800 800.047500
4.665280 332.976000 805.812000
4.681610 338.436000 809.865000
4.697860 307.708800 810.295500
4.714110 343.610400 812.983500
4.731280 346.164000 814.884000
4.746980 280.492800 800.100000
4.763490 293.227200 787.836000
4.779860 295.932000 789.799500
4.796580 309.136800 807.922500
4.813380 311.707200 774.858000
4.829480 314.361600 776.905500
4.845910 298.636800 793.747500
4.862350 309.321600 788.718000
4.879030 308.296800 787.636500
4.895580 270.597600 790.272000
4.911630 273.873600 804.069000
4.928130 268.128000 800.205000
4.944510 276.696000 813.477000
4.960920 267.540000 827.778000
4.977430 261.878400 824.218500
4.994080 261.408000 804.667500
5.010550 260.232000 800.152500
5.048600 263.004000 794.409000
5.068890 321.182400 727.083000
5.076130 322.106400 728.259000
5.092340 343.106400 380.016000
5.108710 329.716800 322.696500
5.125390 331.245600 324.639000
5.141920 334.420800 367.962000
5.158450 332.740800 357.598500
5.177160 329.011200 350.952000
5.190850 305.524800 338.677500
5.207480 298.452000 322.959000
5.223730 293.160000 314.590500
5.240220 340.368000 340.053000
5.256950 329.313600 330.498000
5.273170 326.676000 326.130000
5.289410 336.504000 322.465500
5.305780 332.253600 314.989500
5.322340 334.790400 319.294500
5.338670 292.387200 299.533500
5.355520 349.658400 326.508000
5.371750 350.565600 328.828500
5.396290 377.714400 328.576500
5.404580 356.630400 333.942000
5.420880 359.184000 338.394000
5.437390 377.966400 342.762000
5.454070 382.300800 351.498000
5.470570 384.787200 355.950000
5.486730 421.562400 341.344500
5.503760 414.607200 359.688000
5.536030 377.563200 357.514500
5.552340 622.154400 363.415500
5.585610 1280.932800 389.980500
5.601710 1348.687200 375.259500
5.634460 1290.424800 376.477500
5.650950 1292.239200 363.006000
5.667460 1291.197600 364.801500
5.683680 1294.809600 393.729000
5.700390 1308.434400 379.176000
5.720320 1306.872000 383.092500
5.733260 1334.592000 411.537000
5.749450 1334.323200 411.936000
5.765700 1333.768800 413.878500
5.782660 1303.008000 410.382000
5.799040 1286.846400 409.668000
5.815320 1288.341600 405.825000
5.832600 1292.760000 435.613500
5.848060 1284.864000 398.811000
5.864440 1285.334400 396.889500
5.880810 1296.724800 347.518500
5.897350 1275.657600 336.735000
5.913870 1275.237600 338.877000
5.942050 1289.148000 360.150000
5.948340 1285.233600 376.425000
5.979450 1315.288800 775.456500
5.996100 1347.612000 847.686000
6.012690 1351.526400 843.937500
6.029020 1352.769600 889.749000
6.049160 1377.213600 853.881000
6.078070 1323.588000 833.091000
6.094440 1295.498400 858.490500
6.127320 1298.959200 850.552500
6.144060 1292.407200 839.044500
6.160340 1289.114400 842.751000
6.176590 1278.043200 845.260500
6.193090 1288.140000 841.281000
6.225950 1282.360800 840.661500
6.242630 1301.714400 845.575500
6.268830 1300.118400 847.308000
6.275330 1310.601600 839.590500
6.291580 1305.662400 860.023500
6.308080 1307.292000 858.354000
6.326700 1287.316800 831.810000
6.340980 1274.532000 857.020500
6.377140 1297.464000 538.555500
6.390380 1271.474400 390.841500
6.406720 1271.793600 389.014500
6.423250 1320.211200 411.148500
6.439630 1281.352800 425.817000
6.456000 1279.874400 429.513000
6.472510 1250.138400 393.550500
6.488680 1246.224000 403.032000
6.505200 1245.820800 405.121500
6.521740 1262.990400 390.684000
6.538410 1265.443200 407.704500
6.554900 1266.854400 403.872000
6.570950 1272.230400 401.908500
6.598230 1279.605600 427.381500
6.603840 1281.050400 423.696000
6.620390 1287.619200 409.311000
6.636460 1282.377600 391.860000
6.669810 1280.445600 424.452000
6.686000 1289.349600 402.045000
6.707570 1288.274400 403.893000
6.718890 1413.955200 358.554000
6.735380 1447.706400 313.813500
6.751720 1442.380800 323.977500
6.768130 1412.560800 363.163500
6.784810 1411.872000 356.013000
6.800980 1409.083200 362.113500
6.817480 1408.377600 382.410000
6.833620 1386.621600 395.923500
6.850240 1383.597600 401.551500
6.866620 1369.536000 383.386500
6.883570 1367.184000 383.218500
6.899610 1368.242400 381.549000
6.921540 1356.902400 373.968000
6.932490 1376.978400 412.356000
6.965200 1358.431200 398.107500
6.981930 1372.123200 393.340500
6.998310 1375.668000 385.843500
7.014810 1370.947200 370.534500
7.037570 1392.367200 376.918500
7.047590 1396.466400 368.434500
7.064030 1367.419200 353.703000
7.080560 1374.172800 350.532000
