0.000000 95.162001 17.869315
0.005250 73.902972 10.997219
0.012080 37.108606 1.008192
0.025310 -0.699325 -5.280001
0.032170 -21.871056 -9.227267
0.038670 0.411755 -3.413977
0.046430 -0.559970 -5.106975
0.052030 -3.475613 -4.617467
0.059650 -7.162043 -0.907281
0.065560 -4.091959 0.180123
0.072290 -2.377546 -0.850220
0.078720 0.488415 5.108555
0.085450 3.339487 7.800110
0.102240 3.525646 4.550647
0.104190 3.714106 -0.602419
0.112390 2.997221 -4.621332
0.119150 0.202523 -3.684956
0.125910 -0.553776 -4.910486
0.132500 2.113660 -5.879861
0.141530 1.344476 -2.722358
0.152660 0.144245 4.936718
0.159270 -2.149156 4.072870
0.166120 -4.226657 4.745053
0.179390 -5.239692 5.418057
0.187350 -6.402115 7.407769
0.192790 -3.769687 7.143851
0.201450 2.403989 2.382188
0.207870 8.825534 3.074912
0.212930 10.565644 5.412757
0.219560 9.033148 5.033159
0.226430 5.454038 3.473851
0.233980 0.855030 3.402146
0.239650 -3.357466 3.336499
0.246830 -5.754822 0.591609
0.253100 -5.124547 -2.509555
0.259740 -5.793300 -4.674446
0.266620 -2.951384 -2.366629
0.273140 -2.563784 -3.711179
0.281230 -0.822820 -3.925879
0.286790 0.711767 -2.535185
0.293110 2.309845 -0.942555
0.306740 7.398536 1.041482
0.315470 9.185577 1.150467
0.319880 5.034513 2.242648
0.333590 -2.719451 1.543503
0.340050 -8.229481 1.662282
0.353600 -12.919753 0.922385
0.360370 -12.560780 -7.824818
0.366910 -7.282227 -0.859609
0.374410 1.023840 16.227854
0.380360 6.442515 26.657514
0.386950 5.412615 29.302808
0.400530 2.250080 26.366880
0.407160 1.914965 18.504027
0.413800 1.191385 8.682277
0.438070 -0.032262 -1.627654
0.442220 -1.280311 -5.379857
0.447260 -0.697163 7.167866
0.454160 0.417580 6.689202
0.460670 1.952727 -2.152934
0.468200 2.515623 -3.978772
0.474300 3.538822 -3.785400
0.480770 3.214399 -2.817073
0.487590 3.748962 -2.266116
0.494120 3.268532 0.622039
0.500870 0.742748 3.466291
0.507670 -0.896888 4.670383
0.515840 -2.333724 5.259503
0.521440 -2.273825 4.417906
0.528820 0.203055 2.639868
0.535980 5.615813 -3.255047
0.541310 6.919573 -6.902102
0.554460 6.910564 -6.937177
0.563020 -0.641020 -4.522073
0.568350 -6.846600 -0.120289
0.581250 -8.127803 0.845064
0.588160 -7.830421 -0.020049
0.594650 -5.028529 -4.780179
0.601550 -2.236620 -9.124353
0.614730 -0.619538 -10.641237
0.621510 -0.576518 -9.875546
0.628140 -0.407712 -4.816474
0.635030 -1.223819 0.914787
0.648090 1.458678 4.763427
0.654760 3.506279 5.622144
0.661780 2.716206 9.096891
0.675200 1.803437 8.713603
0.681720 1.078991 5.650054
0.695120 0.675654 3.095209
0.703100 0.154123 0.231459
0.715430 -1.609231 -1.072358
0.721910 -1.408126 -1.915482
0.735310 -0.655940 -6.098013
0.742030 -1.379696 -10.178616
0.759950 1.101886 4.720348
0.765940 1.141181 8.761735
0.777360 -1.390929 5.459119
0.783720 -0.798679 -0.636419
0.803610 2.925066 -8.489684
0.998260 4.982380 -19.112549
1.007970 7.912846 -23.645051
1.017900 5.582519 -24.907272
1.023160 1.023516 -15.705986
1.036970 -2.286047 2.552708
1.043400 -9.457332 -0.132073
1.056810 -13.062167 -0.085657
1.063510 -11.071923 -2.475764
1.081960 -10.040617 -8.616997
1.087160 -8.642191 -13.534786
1.097960 -4.012440 -11.161096
1.103790 -1.587230 -7.514532
1.110410 4.203204 -0.061248
1.117280 7.445300 6.258264
1.124760 6.599876 0.610565
1.130660 5.387620 -0.863824
1.137240 4.247052 0.925298
1.144070 1.843753 3.061235
1.150530 0.201234 7.052990
1.157280 -0.718305 11.582555
1.164160 -1.193373 7.636577
1.177760 -0.130317 2.402732
1.188420 -2.467160 -3.769758
1.194030 -2.480488 -5.584092
1.204620 -1.743787 -3.047787
1.219070 -2.017632 -0.328804
1.224660 -2.427016 1.370813
1.237650 -2.892552 1.336106
1.251040 -0.790058 2.582829
1.258370 2.156870 2.192355
1.264400 2.465944 3.008571
1.271310 4.648878 8.112582
1.277730 4.758227 -6.832925
1.284630 -14.512668 9.558605
1.299480 -7.100676 23.820997
1.304690 -4.109555 25.961425
1.311440 -3.129946 22.821420
1.318070 -2.129647 16.428549
1.324760 -3.642676 1.646724
1.516070 -6.304179 -8.604262
1.525470 -8.452166 -10.026075
1.527890 -13.201519 -4.937855
1.532220 -11.678947 19.446380
1.545660 5.516950 10.780077
1.552420 -1.836910 3.419553
1.559000 -2.047531 -3.162535
1.565740 -2.449115 -8.770468
1.572400 -1.785879 -10.257338
1.579260 -1.613787 -6.115859
1.586140 -1.600303 -1.964792
1.592740 -1.899843 0.130976
1.599370 -4.478525 -3.846648
1.606270 -2.020806 -4.679353
1.612750 -0.101764 -7.344933
1.620780 0.476365 -8.445642
1.626240 1.047758 -8.153234
1.639730 0.169678 -5.669451
1.646340 0.360506 -1.637578
1.659810 0.993074 1.378090
1.666180 2.019977 1.205663
1.673020 0.513825 3.471068
1.679850 3.013958 5.174129
1.686430 2.861776 4.738380
1.693130 5.085384 3.331725
1.700000 6.987828 0.529193
1.706520 6.532985 -2.428915
1.719990 6.895166 -3.124122
1.726610 5.421463 -4.385127
1.737260 2.744888 -2.873698
1.739900 0.373200 2.182736
1.746950 1.976658 3.677595
1.760230 1.929811 1.105969
1.773500 0.592984 -2.494085
1.780380 -0.976583 -5.339051
1.786890 -2.332929 -4.824793
1.800490 -0.501888 -1.427064
1.807070 -0.575716 -1.373795
1.820620 -0.382429 0.857286
1.827080 0.288063 1.365981
1.833930 2.454916 1.105436
1.842770 1.857090 -0.657565
1.847060 -0.224218 -1.171822
1.854140 0.326363 -4.770422
1.860570 -0.926193 -3.126561
1.867440 -2.853783 -0.204584
1.874180 -4.013042 -0.901388
1.880670 -2.435035 -1.425414
1.894100 -0.800359 0.342839
1.900620 1.476380 4.939385
1.907590 2.113351 7.606488
1.914140 0.676361 9.233549
1.920960 0.375510 6.552446
1.927540 -1.284326 5.145590
1.934470 -0.908612 -0.447398
1.940950 -0.010173 -5.381054
1.949370 0.003736 -0.458822
1.961100 -0.681761 -0.717167
1.967740 -1.750936 2.299906
1.981140 -3.919351 3.871479
1.994760 -7.226319 2.389499
2.001340 -7.670456 -0.914038
2.008080 -5.692133 2.116297
2.023360 -2.980718 2.162797
2.028070 0.025454 1.862952
2.041430 1.886918 -2.677341
2.048180 1.247362 -9.149794
2.069030 -2.871045 -4.861456
2.074940 -3.219184 -1.658082
2.081880 -1.776649 1.913864
2.088400 1.904073 7.484137
2.095070 5.833124 10.496235
2.103090 6.973132 4.350847
2.108410 2.566551 2.763492
2.121770 -0.750776 -0.778903
2.128540 -5.967569 -3.544943
2.135380 0.707803 0.719009
2.141960 11.753517 4.368003
2.151220 18.021735 1.135226
2.156980 19.290656 2.620077
2.162020 14.331145 4.032386
2.172030 8.088598 4.968155
2.175240 1.215620 5.375061
2.182030 -0.676702 2.743476
2.188950 -0.518857 1.345935
2.209130 5.504840 0.047417
2.215650 4.814256 -3.621181
2.222460 5.891347 -1.058436
2.229020 7.442982 5.863630
2.235700 6.309771 9.282331
2.243370 4.624857 8.601694
2.249080 1.231524 9.172818
2.255810 -1.223950 10.187243
2.262650 -1.012100 9.688989
2.269200 -1.994460 6.628276
2.306180 -1.755149 3.702867
2.309340 -0.513859 -1.144639
2.316040 -2.314298 -9.175903
2.329560 -4.442662 -7.349453
2.336990 -2.986418 -4.523099
2.342850 -0.062272 0.994604
2.349710 2.448324 4.495150
2.362910 3.293789 7.421856
2.369810 -2.333100 9.784926
2.376330 -7.526189 1.384665
2.387370 -6.274373 -12.115553
2.392190 -1.097115 -23.925417
2.396600 7.318196 -25.855877
2.708470 12.966440 -28.163849
2.727850 14.944386 -22.592127
2.731260 11.821465 -13.880117
2.738010 4.525531 0.120314
2.744570 -1.911554 4.145639
2.751260 -0.882202 -3.448210
2.761500 2.065731 -6.757076
2.764780 3.585018 -6.377567
2.771710 3.870603 -4.977554
2.778180 2.082160 -1.600011
2.785080 -2.962453 0.902069
2.791630 -5.626252 7.404688
2.805540 -0.758471 8.843651
2.811770 -5.756303 26.593368
2.827420 -8.550055 19.548727
2.831660 -7.978553 -0.576192
2.838550 -4.566721 -21.436536
2.845340 2.347852 -40.209802
3.088210 3.130915 -48.502831
3.092840 1.173771 -42.710985
3.099680 0.534610 -22.611915
3.119810 -5.460665 -0.499302
3.126690 -15.964226 21.127317
3.135390 -11.141107 5.871171
3.139980 -5.743452 2.369585
3.146580 -0.400991 -2.464586
3.154200 5.073665 -7.169533
3.166880 4.044661 -7.250784
3.173390 4.961774 -3.014850
3.180390 4.799646 0.146431
3.186930 4.478429 3.674098
3.193480 4.736364 6.902866
3.200190 4.881619 5.387552
3.207070 5.237577 3.468409
3.213590 6.379046 1.508417
3.220270 6.375658 -0.882858
3.228530 0.666671 -3.382413
3.233670 -1.793835 -5.934149
3.240590 -5.226308 -7.435166
3.253770 -7.698835 -4.563478
3.267010 -8.485121 -1.570883
3.273780 -6.373772 1.028004
3.287260 -3.032411 2.709894
3.293970 0.202238 4.123492
3.307360 0.690851 4.004933
3.314170 1.456751 3.761242
3.322170 3.239613 4.571958
3.327470 0.050586 6.647324
3.334310 -0.116567 10.648327
3.340840 -1.644246 6.765591
3.347580 -3.116884 5.196936
3.354480 -1.786249 1.840057
3.360930 -3.545374 -0.638841
3.374500 0.095456 0.260827
3.376890 7.332239 6.508241
3.388010 12.775750 15.499324
3.394430 14.612174 21.085063
3.407830 12.094960 20.377316
3.416370 6.841214 12.509367
3.428010 2.548971 4.830976
3.434690 -1.585771 -1.564885
3.448020 -4.002948 -0.460196
3.454740 0.230174 2.030241
3.476700 1.579334 4.332244
3.488160 1.400942 3.515545
3.495140 0.638733 1.126584
3.509490 0.236318 -0.915893
3.515210 2.282456 -3.094711
3.521680 2.506868 -4.029783
3.528450 1.238809 -1.529656
3.535080 2.311978 -3.041043
3.548490 0.529430 -5.809698
3.557490 -1.474651 -5.880991
3.561880 -3.657494 -3.772793
3.568540 -5.172493 -0.284857
3.575560 -5.097450 1.304553
3.581970 -2.683870 3.089737
3.590950 -1.524352 6.600487
3.595370 1.223746 9.732796
3.603650 2.195636 11.945089
3.608860 1.045731 13.226547
3.615840 -2.328915 9.648235
3.622170 -2.721056 3.282549
3.629090 -1.132636 -5.350255
3.642260 -0.297565 -10.821157
3.651430 2.868482 -11.362595
3.655660 4.753756 -9.589201
3.662550 6.035934 -7.134214
3.669090 4.414859 -3.526591
3.675750 1.521271 0.600073
3.689150 -2.334130 4.816410
3.702400 -1.191397 8.073593
3.709400 -1.408499 8.658241
3.716030 -2.018941 7.453415
3.729560 1.188648 3.900021
3.736100 2.816805 -0.927506
3.743170 3.940389 -5.166004
3.763050 1.956942 -3.175441
3.769590 0.816879 -0.557959
3.776400 1.097692 1.298230
3.782960 2.155612 3.806558
3.791340 1.551319 5.533183
3.804950 0.697846 6.946487
3.811200 -0.127907 7.251074
3.816590 -1.463489 5.322481
3.829790 -2.843317 4.987302
3.837650 -6.208756 4.155609
3.850110 -8.074040 -0.245459
3.863320 -8.311865 -1.189509
3.870110 -7.483756 -0.997656
3.876750 -6.823202 -0.248012
3.884490 -3.007492 -4.996037
3.890370 -0.626555 -7.732605
3.896670 -3.163320 -7.618386
3.903580 0.092493 -8.914995
3.910370 3.359499 -5.957564
3.919150 9.557644 4.415958
3.923550 13.126341 -6.382946
3.931970 4.627357 19.527850
3.936990 -4.300099 12.112000
3.944330 -9.141826 5.166486
3.957060 -10.777485 8.031923
3.963970 -6.347055 4.550838
4.147320 4.741001 2.987228
4.158570 8.261254 8.025753
4.165910 8.940412 6.641937
4.171250 2.546785 2.019675
4.178030 -4.736141 14.202567
4.184810 -2.768801 -15.834753
4.191380 -1.164577 -6.823153
4.198080 -1.360640 -0.991195
4.204970 -1.745429 2.003851
4.212430 -1.079513 6.371386
4.218300 1.779402 5.289647
4.225060 1.221587 0.873601
4.231910 -1.062993 -0.987164
4.238400 -3.376665 -0.415356
4.247150 -5.297827 0.304166
4.251630 -7.811088 12.357987
4.259240 -6.068136 14.713224
4.265210 -0.642115 10.424081
4.271890 4.097907 5.692095
4.278600 7.897572 0.649538
4.292160 13.589613 -7.501902
4.298670 6.695302 -7.051588
4.312180 -4.321986 5.466914
4.318770 -15.258271 23.065106
4.325460 -20.842881 38.960755
4.332370 -19.490440 39.011785
4.338870 -14.055823 32.645368
4.345690 -5.371488 16.552078
4.368180 3.918580 1.708323
4.376360 7.080205 -6.730764
4.382400 -1.118072 -2.582711
4.388340 -0.684347 5.877381
4.393960 0.703750 10.251596
4.400050 0.042442 11.729403
4.412620 -1.965283 7.171526
4.419310 -2.004194 -1.313592
4.426230 -4.614263 -5.472160
4.432840 -7.495230 -5.131892
4.439410 -9.222386 -3.978815
4.446900 -8.099272 -3.353495
4.452940 -4.781906 -2.625428
4.460230 -0.586867 -0.599508
4.466110 1.766803 -1.967142
4.473030 4.724185 -6.510172
4.479440 5.887779 -5.510981
4.493330 4.172094 -0.235115
4.499680 3.859605 2.132760
4.506590 2.696669 3.835185
4.513100 2.188113 4.014025
4.519820 1.385725 7.008081
4.526580 0.766084 8.550534
4.533190 -0.254286 6.098602
4.540140 -1.232665 4.486135
4.546750 -0.549672 3.304073
4.553300 -0.883274 1.224286
4.560120 -1.219436 -1.535886
4.574240 -2.406078 -3.273977
4.580080 -1.239781 -4.586229
4.593450 0.660361 -4.908531
4.600160 3.824476 -4.612442
4.607060 3.668997 -2.622055
4.613500 0.783337 -1.616585
4.620350 -2.991666 -0.900732
4.626950 -6.885674 0.409465
4.633570 -8.011871 -0.783558
4.640470 -6.815629 -2.046635
4.646830 -3.226277 -1.977526
4.653730 -0.041743 0.670970
4.660490 2.368752 3.241114
4.667130 0.167851 5.546039
4.673840 0.544046 6.883191
4.690840 1.824286 7.519404
4.693920 2.604246 6.625100
4.696320 2.526781 3.209698
4.707330 2.051139 0.515383
4.714020 -0.379589 -0.288323
4.720650 0.956093 -2.032658
4.727540 1.309062 -4.247570
4.734120 0.660251 -6.200972
4.740750 2.242459 -1.866746
4.755250 -0.825690 0.407665
4.761010 2.004530 -5.956702
4.767530 4.711286 -24.350203
4.781130 8.704565 -49.801148
4.794390 10.745179 -59.836236
4.801220 8.993571 -57.938090
4.814420 3.603868 -42.155627
4.827880 -1.046337 -19.959593
4.834520 -3.793791 -1.787030
4.841410 -4.882677 9.253782
4.854700 -0.271017 11.306700
4.861520 0.366394 9.622143
4.868430 3.125211 8.561342
4.874890 3.383705 8.139452
4.881400 2.641367 6.130767
4.896970 4.272960 5.574758
4.903340 3.140059 4.876233
4.908290 2.810955 6.555962
4.915040 1.236219 7.647056
4.921620 -0.228867 2.913303
4.935270 -2.440965 0.050278
4.941920 -0.588998 -9.522437
4.955170 -0.508676 -13.148852
4.967850 -1.858646 -10.350624
4.971860 -1.817970 -10.941262
4.975790 1.059816 -6.631912
4.982180 1.543241 -6.055158
4.988810 -0.415965 -5.856281
4.995590 -3.522625 -2.503016
5.002010 -1.355239 -1.620739
5.018590 1.469980 -2.176288
5.021910 0.286022 2.228600
5.029040 0.214117 6.725660
5.035790 2.191885 9.523740
5.042230 1.183874 10.672063
5.049070 1.110560 4.756820
5.056490 4.186629 -3.290384
5.062520 8.754915 -4.587654
5.069020 14.401357 -1.628087
5.082440 13.503213 6.426716
5.089040 11.034518 17.008373
5.096010 6.504527 19.483249
5.110490 1.363731 13.600116
5.118680 -1.930234 4.774021
5.130160 0.649162 -5.145232
5.142620 2.334863 -10.052441
5.150220 5.102103 -6.278069
5.156160 3.715288 -4.295879
5.162680 1.812852 2.614206
5.169410 -0.930725 6.398867
5.176320 -3.843943 3.356218
5.182840 -4.281461 4.982060
5.196300 -3.308541 7.281646
5.202910 -1.274856 9.998403
5.209810 0.505699 9.336029
5.216310 5.137540 -3.009098
5.224540 1.552632 21.762598
5.236500 -6.278867 10.752807
5.243310 -13.071112 -5.643459
5.249780 -16.175958 -18.123322
5.256480 -15.984831 -27.311663
5.263370 -9.581612 -30.177691
5.448010 1.118247 -22.577559
5.455020 12.459408 -13.635647
5.457330 15.610309 0.608094
5.464150 6.706116 17.417500
5.471040 0.451705 -8.328310
5.477550 -1.455108 0.988487
5.484350 -3.149896 6.566810
5.490980 -2.170739 7.064916
5.497690 2.021377 7.870190
5.504480 4.164140 6.211366
5.511080 4.340724 -4.071179
5.517700 1.801115 -9.847362
5.527120 0.410822 -11.562814
5.531340 0.345217 -9.879225
5.538170 0.096434 -3.575414
5.544630 -0.113716 1.795555
5.574930 -1.296870 3.162398
5.578090 -2.738949 6.041084
5.584880 -2.460527 6.388993
5.591390 -3.943568 2.551972
5.598080 -8.867869 3.663238
5.604950 -8.639656 3.021390
5.611520 -5.754364 2.287190
5.618180 -1.071401 3.510108
5.625080 2.294647 3.517147
5.638290 1.907183 -0.663894
5.645200 1.133875 -6.168005
5.651680 -3.418454 -8.459440
5.658580 -9.217889 -6.319763
5.669850 -10.591178 -1.662262
5.672640 -4.408917 4.335086
5.678460 -0.603067 12.384908
5.685160 2.446044 13.230895
5.692050 2.886641 8.695554
5.705270 2.516024 0.218796
5.712140 2.146615 -6.029767
5.718690 0.252443 -7.891627
5.732240 1.039733 -10.554086
5.738760 2.624447 -10.720228
5.745490 2.352875 -5.176295
5.754060 -0.459820 -2.135083
5.758880 -3.739656 2.521248
5.765650 2.685189 6.275366
5.778790 12.243511 3.959228
5.785820 18.548128 6.632402
5.800180 22.393796 5.996452
5.805920 22.844465 1.806316
5.819300 15.401649 1.210581
5.825800 4.489771 1.973590
5.839410 -4.500992 0.759759
5.847040 -7.826837 3.262491
5.859520 -3.183274 2.003911
5.866020 -1.291937 2.315908
5.881870 1.208121 4.350569
5.887780 4.699285 -0.244203
5.899510 4.240327 -1.308465
5.906440 0.999141 -0.134392
5.912870 -0.022675 1.769033
5.919640 -3.344688 4.305729
5.926420 -4.317800 7.248585
5.933070 -4.191541 7.801507
5.941890 -4.391952 5.377569
5.955070 -4.043612 3.874123
5.960410 -3.842042 3.169437
5.964870 -2.035842 2.999573
5.970190 0.804961 1.213495
5.980070 3.071690 -1.795638
5.997720 2.760028 -2.044404
6.000590 3.814879 -3.418706
6.006520 4.982891 -4.290737
6.013510 3.842989 -7.912082
6.020090 3.647095 -7.975465
6.026930 1.730739 -5.569591
6.034140 1.106163 1.289798
6.040230 -2.989875 5.421728
6.046980 -5.687050 9.900584
6.060250 -5.974172 13.913421
6.067120 -7.509811 11.545870
6.081080 -2.132928 1.292912
6.087290 7.557222 -9.898875
6.093750 13.998963 -19.240503
6.103230 13.947672 -28.044756
6.107140 10.081441 -26.635828
6.114050 3.216900 -20.804668
6.120530 -0.819541 -6.906051
6.129020 -3.949862 4.811444
6.140660 -3.548635 9.590444
6.147530 0.501598 5.918413
6.154030 0.259697 -0.884691
6.160810 -2.184751 -13.616847
6.175850 -3.030351 -18.820234
6.180930 -2.424452 -14.558335
6.187730 -0.758346 -11.924113
6.194220 2.531681 -3.384841
6.200920 4.452911 4.180505
6.208200 5.215466 11.311733
6.214180 2.045661 13.769696
6.221530 0.439427 10.138603
6.227880 -2.669715 5.663108
6.234470 -4.429383 0.820890
6.241110 -0.464413 -4.242594
6.254390 -0.920794 -10.595071
6.261210 -0.447217 -8.112265
6.268760 1.680968 -6.547653
6.274670 1.099445 -1.890123
6.281300 -1.767264 4.216298
6.294690 -4.191698 6.345463
6.301570 -3.969067 4.209349
6.308090 -0.935776 -0.339084
6.323110 -0.112790 -4.403719
6.325270 -2.694993 -5.415679
6.328030 -2.222859 -15.271454
6.335030 -3.766086 -22.534901
6.341570 -11.364739 -18.474273
6.348360 -14.248806 -12.288187
6.363120 -12.930945 -7.150790
6.375670 -8.623803 0.102205
6.381920 -4.148240 3.946089
6.388710 -1.823666 1.960915
6.395390 2.479848 -2.923445
6.401910 1.864987 -10.418969
6.408950 -0.268939 -4.521228
6.422010 -2.752961 0.161998
6.431980 -2.330713 0.530023
6.442160 -2.012516 -1.252408
6.448960 -3.302196 -1.007557
6.458120 -0.865017 -1.788365
6.468830 2.202826 2.526421
6.475550 4.455314 7.845332
6.482320 3.193180 9.288729
6.489140 2.138141 7.355498
6.505570 -0.615773 1.204936
6.509330 -4.068933 -6.871175
6.515740 -5.408517 -12.147831
6.522630 -5.247983 -11.465663
6.529130 0.674514 -5.433054
6.535710 3.644864 1.454230
6.542460 3.855250 3.297600
6.549920 2.943582 7.774886
6.562620 1.223499 7.001555
6.569510 -2.590264 2.455033
6.576010 -6.958678 -1.169151
6.582770 -7.394028 -3.140069
6.589610 -5.149806 -5.357179
6.611310 -0.407293 -7.935524
6.616390 1.306372 -12.228954
6.623230 3.059510 -6.257250
6.629500 2.824535 6.603570
6.657360 1.516359 10.592115
6.662930 -1.848265 13.825199
6.669870 -1.287420 15.225068
6.676480 0.492437 11.602299
6.683460 1.082480 3.439115
6.693530 0.373375 -3.600744
6.696660 -2.932235 -0.830436
6.703450 -5.500706 1.797669
6.710040 -7.490469 -2.162875
6.716710 -3.014084 -3.928136
6.723650 4.491280 -10.753614
6.730070 0.361638 5.390672
6.740160 4.556933 19.183510
6.743460 14.795485 29.316410
6.750250 19.657076 31.984692
6.763410 17.898792 27.909992
6.965630 14.570721 12.570091
6.978820 11.449358 -1.918704
6.984460 10.633381 -10.920572
6.991150 4.735751 -11.283235
7.004530 -1.459699 6.836470
7.011240 7.178436 7.525508
7.019740 2.476098 9.005621
7.024800 -5.811821 7.401278
7.031350 -8.434025 4.378064
7.038170 -7.408176 0.537675
7.044920 -5.878293 -4.335262
7.051790 -2.530452 -5.459109
7.058350 -0.214761 -4.489229
7.067440 1.827415 -2.621922
7.080190 2.643272 -2.600570
7.086550 0.137288 -5.419952
7.091890 0.856050 -3.664769
7.105210 1.079260 -0.931269
7.113430 1.293466 3.641422
7.118600 1.334620 4.877687
7.125380 0.967878 5.063293
7.131990 -0.386818 1.991800
7.138750 -0.027179 1.573794
7.152100 -0.311004 1.149173
7.159720 7.423899 1.849614
7.165460 7.441037 3.423072
7.172140 1.014057 1.555611
7.178970 -5.676351 -1.244891
7.185610 -11.589189 -3.559548
7.194650 -10.666767 -3.355917
7.198900 -4.601205 -1.466891
7.206080 4.290107 1.246676
7.212390 11.154461 2.950308
7.232420 15.416458 2.026488
7.239210 6.103384 4.279556
7.246030 -1.972460 4.557539
7.254690 -10.840225 3.085621
7.259280 -12.130544 1.668335
7.266120 -6.599009 -0.203561
7.272670 -0.129883 -2.138674
7.279520 6.594579 -4.242947
7.292710 11.094593 -3.111259
7.316500 10.474041 -2.672375
7.320110 4.105367 -0.270029
7.323560 -3.905598 -1.212474
7.329190 -7.476396 -0.962335
7.339770 -4.194696 0.014067
7.347160 -3.176955 0.570118
7.352990 -1.190709 -3.599379
7.359840 1.667153 -3.061627
7.366380 4.563163 -3.708849
7.373080 2.773379 -3.279287
7.386480 0.356593 -0.087698
7.394320 -1.187326 2.413358
7.408490 -1.908106 3.836927
7.413490 -1.029949 4.609001
7.419940 -0.298818 5.085746
7.433890 0.265660 5.520758
7.441620 0.638073 8.146857
7.446760 1.035780 5.817676
7.453420 -0.832964 1.970522
7.460370 0.513766 -2.554564
7.466860 4.227613 -5.699780
7.480240 4.526304 -6.762573
7.487960 5.004335 -5.873258
7.493840 5.590267 -3.356717
7.500310 3.745191 -1.291603
7.507060 -0.473187 0.478860
7.513960 -1.510621 -1.969086
7.522740 -2.401567 -3.728860
7.527110 -1.724807 -2.432736
7.534920 -2.622698 -1.000214
7.547350 0.957523 -3.241481
7.553920 5.422058 3.490264
7.560650 7.715960 7.539442
7.567450 5.813704 6.085225
7.574010 4.924140 5.551476
7.587600 5.479901 5.127515
7.593960 1.804381 5.684104
7.607700 -1.282676 2.105374
7.614210 -1.751041 -1.831731
7.620920 -2.696381 -2.617675
7.638260 -3.702248 0.667965
7.640870 -2.906290 -2.730612
7.643460 -5.294773 -0.953510
7.647770 -3.495826 4.583845
7.654470 -1.476891 6.254902
7.668000 0.378573 2.717106
7.681390 1.241039 1.639166
7.687870 0.225686 -0.476876
7.694650 -0.742979 0.226159
7.701480 2.845743 -3.486323
7.708070 3.100790 0.356906
7.714700 0.576049 0.261795
7.729940 1.792726 -3.427469
7.735750 1.568604 -9.920827
7.754820 -0.758186 -12.920999
7.769350 -3.115921 -5.235849
7.775180 -2.671422 7.439913
7.781730 -1.226568 12.917732
7.788630 3.023903 14.605886
7.795080 -0.674502 14.377014
7.801820 -9.973598 8.387436
7.808680 -15.800174 3.995717
7.821850 -22.473521 5.009963
7.829160 -25.634122 12.186160
7.835250 -21.975975 19.676701
7.842160 -13.166800 16.642782
7.850610 -3.276134 3.735987
7.855180 3.519900 -0.347928
7.863040 0.864134 -2.711190
7.875610 -1.310038 -2.165841
7.888870 -3.318200 -2.514086
7.895570 -4.300405 -2.045979
7.902510 -0.300167 -2.496028
7.915910 5.398828 -4.894712
7.922440 11.923627 -5.989837
7.929010 9.490460 -2.211051
7.935990 2.065693 5.475873
7.942410 -6.398243 9.141754
7.949190 -10.074543 6.577800
7.977810 -8.513310 1.329177
7.982800 -2.281301 -5.469087
7.989370 2.541721 -8.922715
7.996100 3.193542 -9.709927
8.005200 3.428160 -2.826761
8.009400 -2.699697 3.130350
8.016290 -9.220717 7.493647
8.022790 -7.703915 4.686083
8.029490 -0.474388 0.216040
8.036430 7.918695 -5.253018
8.042890 8.338514 -7.992684
8.056450 3.461613 -8.884057
8.064270 -0.551613 -4.447882
8.070450 -3.558263 -1.316630
8.076630 -9.991677 -2.098254
8.083070 -8.509033 -3.421832
8.089850 3.479809 -5.508825
8.097130 8.618058 -8.849277
8.103240 7.744562 -7.223313
8.109990 2.479578 -5.387525
8.116800 2.628134 1.457983
8.130560 1.459251 3.392666
8.136940 -1.009235 -0.591228
8.150000 -3.407901 -2.200335
8.163710 -0.353097 -5.600210
8.173120 0.486469 -5.828360
8.181530 -3.454866 -4.219992
8.184280 -1.573150 1.595620
8.193670 1.878687 3.734739
8.197010 2.772916 6.992417
8.203890 0.444427 4.445991
8.210430 -1.066537 1.019317
8.217350 0.143751 -0.794426
8.224020 1.201120 -1.575249
8.230500 -0.817994 8.359199
8.244070 -1.725643 4.301215
8.250720 -0.698311 -9.141575
8.257500 0.027084 -23.289635
8.264290 -1.095685 -30.549340
8.270710 -3.448430 -30.200460
8.277590 -4.820318 -20.379113
8.292950 -3.883863 -4.635472
8.297360 -5.737913 5.010061
8.304440 -2.721885 10.280241
8.310790 1.585815 2.131122
8.317720 5.363595 0.890234
8.324210 7.208534 0.030073
8.331280 6.901182 -0.683804
8.337830 3.774161 -2.786300
8.344370 0.713765 -4.618793
8.357690 -2.635039 -9.340129
8.364400 -4.687933 -8.504136
8.371130 -3.409001 -2.479241
8.378500 -3.428398 2.385823
8.395440 -0.926881 5.281962
8.411550 1.686706 3.189942
8.417980 1.487315 0.365677
8.424840 0.740210 0.586966
8.431410 1.855617 -0.868633
8.438250 2.692922 -3.128622
8.444800 3.138777 -3.322962
8.451710 2.892415 -4.662228
8.458170 2.713233 -0.284609
8.471710 1.674290 1.397449
8.480810 -0.940808 0.894087
8.485650 -3.949433 2.985683
8.492240 -2.579361 6.779453
8.500680 -0.475847 8.440824
8.506530 2.597236 9.893352
8.511610 3.000768 9.983088
8.518630 2.063189 8.507814
8.525180 0.412578 7.907842
8.531850 -1.420173 2.132680
8.538720 -1.499574 0.373512
8.545450 0.136367 -0.254666
8.551950 1.705287 -1.103463
8.558840 0.880584 -0.651710
8.565410 -3.118650 -5.996921
8.572040 -7.226177 -11.165760
8.578940 -10.291692 -16.584395
8.585440 -7.765964 -15.523309
8.592210 -2.891295 -11.871386
8.598950 1.209240 -6.527184
8.605540 3.292095 -1.256553
8.612930 2.815465 5.281086
8.618930 1.937004 7.764143
8.632280 -0.778089 3.526422
8.638970 -2.466264 -0.290172
8.645870 -2.411443 -1.957652
8.652410 0.137032 -2.403515
8.659130 1.076622 -6.663371
8.665990 1.147510 -7.211005
8.672520 -1.212149 -6.312278
8.679210 -1.114464 -5.536424
8.686020 -0.086144 -9.794581
8.692610 1.928212 -15.483385
8.699300 4.375262 -15.559481
8.712930 4.131675 -11.728227
8.719600 -0.253224 -8.297217
8.726080 -2.806264 -0.986982
8.732810 -2.909473 9.251591
8.739490 1.793700 16.407484
8.746270 6.331649 17.205113
8.753770 5.752325 10.570677
8.759640 0.205016 2.481144
8.766400 -1.871903 -4.330068
8.773000 -4.335256 -7.338412
8.779660 -2.078471 -4.228656
8.786570 2.739975 0.953542
8.793060 3.620130 5.635152
8.803350 -1.509560 6.419342
8.807380 -4.816611 4.875205
8.813290 -5.211469 -2.874628
8.820200 -4.586992 -8.212649
8.827600 1.097825 -4.578272
8.837550 4.089660 -2.468391
8.840450 4.575861 -1.746755
8.853910 0.019296 -1.582184
8.860040 -2.952375 0.485178
8.873360 -1.530441 3.382503
8.880140 4.139306 4.518563
8.887030 3.346763 2.860935
8.896510 3.707175 6.359265
8.900960 6.329003 3.448470
8.906940 5.401187 -3.938396
8.913620 1.783818 -8.225641
8.920460 0.170298 -14.370108
8.933730 0.706718 -15.954739
8.958040 -0.553884 -11.023879
8.962540 -1.016096 -5.465618
8.967120 -1.879226 -1.991055
8.980690 -1.150734 2.505923
8.994260 -0.114237 2.928372
9.000680 -0.460881 4.563527
9.014190 1.354051 1.023914
9.021020 2.346835 -0.894930
9.034390 3.676036 4.072256
9.041010 1.931622 -2.241203
9.054260 -1.001798 -6.833588
9.061200 -6.669256 -10.497986
9.074630 1.626824 6.259257
9.081100 -1.957214 21.682431
9.094680 -5.391033 21.014639
9.101250 -10.510798 9.250451
9.114860 -12.778058 -5.253727
9.121380 -7.786466 -20.729883
9.335610 -5.791731 -33.112192
9.342150 -6.071802 -27.897550
9.355550 4.955745 -17.159422
9.362340 10.582581 1.987504
9.375820 -1.062321 1.424913
9.382330 -1.917837 0.073910
9.395730 -4.943348 9.271236
9.402430 -2.693385 11.275348
9.409150 3.396767 11.390687
9.422600 0.635339 7.408596
9.429390 0.975425 0.868470
9.436150 6.697194 -5.224853
9.443060 -2.075326 -9.034183
9.456370 -7.174644 -2.783819
9.462930 -8.480062 3.435325
9.469630 -3.689449 6.246334
9.496850 5.840945 -1.133320
9.503140 9.379972 -2.252299
9.516700 4.151045 -3.714991
9.523230 -0.273628 -2.456029
9.536810 -4.854956 -1.448770
9.556970 -8.944243 4.192930
9.563420 -4.974703 11.001992
9.570300 -0.621115 9.857676
9.576830 2.993399 9.685677
9.583550 4.377695 5.472208
9.592060 1.579588 2.843462
9.599950 2.480123 -3.339952
9.603570 4.453380 -8.340185
9.617000 8.015564 -9.119979
9.623600 6.199945 -14.550741
9.639820 5.050175 -9.887985
9.643800 3.708575 0.950606
9.650700 6.871038 15.193892
9.663890 6.735810 20.826275
9.677290 3.424905 15.487047
9.686610 -1.239792 4.214158
9.690670 -1.188265 -6.945591
9.697520 -0.450473 -13.805796
9.706670 -1.958945 -16.051526
9.710550 3.516858 -3.525623
9.717600 5.676553 7.065662
9.724150 6.038630 13.973587
9.737770 3.442494 13.217348
9.744260 2.938561 7.067711
9.757680 0.179891 6.049176
9.764350 2.637710 3.661392
9.771200 -1.974537 -2.720498
9.780040 -5.188262 -7.577512
9.791260 -3.977848 -5.148194
9.797850 -4.118782 4.819857
9.804540 -4.465774 11.770257
9.817720 -0.229098 6.264325
9.827490 5.890401 -4.946068
9.831370 13.830547 -12.848925
9.838250 15.459302 -23.058953
9.851550 10.386559 -23.624060
9.864810 6.532570 -16.176159
9.873230 0.878284 -4.898137
9.878220 -3.996380 5.132548
9.884930 -5.153949 8.004409
9.938580 -0.768819 6.113026
9.945350 0.543499 8.241182
9.951910 0.863108 7.007908
9.958720 -1.912063 3.121449
9.967520 0.432967 -4.143935
9.972010 0.988823 -10.018257
9.978850 0.772265 -10.153075
9.985400 0.422389 -8.583967
9.992110 0.499687 -3.118256
9.998710 1.310869 0.733708
10.005630 -0.357200 1.501752
10.014210 -3.424941 -1.708921
10.025610 -4.923098 -4.201161
10.045680 -4.415312 -6.199901
10.061840 -2.425937 -2.069402
10.065930 0.259601 1.946429
10.079170 3.041135 6.974476
10.085850 3.688651 10.143435
10.099270 2.627055 5.993844
10.107670 -0.654582 3.388330
10.119520 -0.973260 0.957489
10.132750 0.800196 0.691312
10.139510 2.038881 0.331680
10.145920 1.947553 0.982810
10.159710 -0.101938 -0.971432
10.166180 -1.957365 1.623995
10.179570 -1.191799 0.253721
10.186340 7.142640 -13.705811
10.193230 4.259346 -1.599665
10.201980 -1.594328 23.424796
10.206460 -7.774092 51.845002
10.213240 -12.384564 63.415061
10.226530 -15.478905 56.678678
10.239960 -12.472912 39.468615
10.255670 -6.096040 19.096259
10.266740 2.997024 -4.091614
10.273430 3.817151 -11.036700
10.280270 -5.183655 9.939353
10.286810 -5.571460 15.079787
10.295800 -4.198679 9.087348
10.300200 -1.365270 -6.425030
10.306910 1.879679 -13.015967
10.320340 5.566509 -8.893597
10.327000 9.285885 -1.146906
10.333890 4.916748 8.053480
10.343170 -3.397871 15.102678
10.347220 -9.036178 13.958596
10.353790 -10.918716 7.127075
10.360350 -10.344535 -2.641635
10.366970 -4.095815 -5.396108
10.373850 2.281293 -2.181718
10.380580 7.413864 1.834031
10.389390 9.107517 3.762495
10.400830 3.781372 4.358133
10.414070 1.962808 -3.398311
10.420980 -0.055517 -12.084950
10.427500 4.490725 -12.328481
10.440950 2.973492 -8.404828
10.447560 -5.027693 -5.085671
10.461110 -15.315757 -2.388815
10.470070 -25.049530 -10.954364
10.481940 -30.097790 -24.556379
10.488280 -30.668900 -35.082863
10.494430 -24.341801 -37.689236
10.507860 -13.821851 -27.102275
10.514520 -4.370066 -9.305798
10.521430 -2.453520 2.766528
10.530510 5.076309 9.671485
10.534760 5.858112 15.299447
10.541360 -4.468131 9.383707
10.548050 -6.055539 10.652401
10.554940 -6.818926 6.080959
10.568220 -4.779252 -2.059398
10.578580 -2.719806 -11.051463
10.581280 1.164119 -14.425695
10.588060 5.386030 -10.952192
10.595060 6.202202 -2.196021
10.601620 0.050010 8.596225
10.615130 1.755218 15.217714
10.621470 6.484619 16.142716
10.628440 3.916365 8.047106
10.635630 0.118257 2.982079
10.641800 -3.975224 -0.084675
10.648620 -6.347523 -2.813049
10.655240 -5.685026 -7.342406
10.661900 -3.173966 -10.738740
10.671420 0.685987 -13.610433
10.683340 5.354928 -13.286729
10.690060 6.354769 -10.096898
10.695180 6.955139 -4.307364
10.702230 4.986518 1.412793
10.708790 3.263760 1.751076
10.715890 0.851537 4.520856
10.722320 0.840500 8.670434
10.728890 -0.248569 12.478267
10.735580 -0.324549 10.001840
10.742410 -1.205254 8.923988
10.755610 -3.141275 7.441910
10.763920 -4.333691 3.781164
10.769080 -5.104749 0.141468
10.782450 -4.145358 -0.917473
10.789190 -2.451324 1.884910
10.802380 -0.302638 0.096544
10.810330 0.661867 -0.840754
10.822810 1.092838 -1.534736
10.829260 -2.490941 -0.319853
10.842660 -1.142926 -0.354238
10.849420 1.378876 -0.967015
10.862790 4.535074 1.848021
10.869780 4.828583 -1.405593
10.882960 1.700864 -4.873312
10.889630 -0.781079 -12.994903
10.896540 -3.190500 -18.443856
10.909820 -8.134406 -25.645609
10.916510 -5.274441 -18.072677
10.923300 5.869326 -4.938814
10.929830 12.009584 10.828292
10.936520 14.527913 22.507689
10.943350 11.455089 24.228485
10.951620 8.514594 23.005743
10.963310 1.922955 12.729842
10.970010 -3.446685 4.965106
10.976690 -4.593766 -2.201864
10.990120 0.437554 1.037850
11.003540 3.312996 -1.325885
11.010980 1.917777 0.926965
11.023610 -1.729843 1.719473
11.030490 -3.812326 0.999221
11.043450 -2.946887 1.740421
11.057050 -2.733901 1.096358
11.063780 2.470362 2.778598
11.070590 5.224364 4.707447
11.083880 5.279530 3.303181
11.091210 7.912127 0.235568
11.103790 11.653552 3.186928
11.110880 12.911603 8.492853
11.126200 15.817862 12.903346
11.130700 16.588520 16.539231
11.144160 12.981841 15.989530
11.150990 7.967168 15.934768
11.164230 1.700547 6.849886
11.171160 -2.197838 -3.920211
11.185430 -3.836606 -7.045061
11.197750 -4.595171 -4.944556
11.204570 -4.070929 -1.463572
11.211140 -1.740373 -2.076371
11.224540 0.328472 -0.522571
11.236180 1.254403 0.907516
11.238450 2.493428 0.626655
11.244790 2.180476 -3.049635
11.251370 1.953058 0.414071
11.258150 1.107580 3.749764
11.264730 3.538345 2.253116
11.271440 -0.946815 -0.975651
11.284810 -0.166297 12.725327
11.291650 -7.887154 20.051476
11.298220 -6.676172 19.430159
11.304930 1.465414 19.382019
11.311770 8.330007 14.224981
11.318300 13.448691 4.238562
11.494050 13.971995 -6.726469
11.509130 11.127073 -11.679431
11.514570 4.272530 -6.677738
11.519160 0.681998 5.552727
11.532420 -6.984209 -0.964370
11.539210 0.528364 -0.814296
11.545870 1.135964 -2.341927
11.552520 -0.190179 -2.907340
11.567900 -0.934756 -3.570331
11.572600 -1.462178 -5.730487
11.579380 -2.162219 -2.786918
11.586150 -2.395503 1.955617
11.592710 -1.677206 6.880883
11.599430 -1.760546 7.348564
11.606550 -1.377918 5.486251
11.612900 -1.289754 9.507177
11.619490 0.195419 10.332465
11.626380 -1.838750 5.761939
11.633120 -3.545410 -0.298859
11.646500 -4.323835 -8.435562
11.660010 -3.932169 -14.689597
11.667870 -3.799118 -7.498086
11.673630 -6.356686 5.686692
11.680260 -7.782599 19.209457
11.686720 -11.461101 28.066980
11.693350 -11.045827 22.207881
11.706800 -10.146459 11.162602
11.713690 -3.164600 -5.218426
11.726890 4.794430 -14.991701
11.733820 7.128099 -11.708093
11.740300 3.545716 -3.492524
11.747220 -3.167143 1.971577
11.760370 -7.732823 5.229994
11.767210 -10.576770 4.043918
11.774920 -10.179503 3.008399
11.781810 -3.442008 2.133072
11.787040 6.237363 1.272525
11.794260 12.043520 -1.699465
11.800550 13.410887 -2.923519
11.807460 13.111797 -2.767417
11.820700 11.721155 -2.130867
11.827350 8.599214 -4.398796
11.834050 -0.303317 -3.006274
11.840930 -9.495841 2.178694
11.847490 -13.190348 8.019985
11.853930 -16.429258 11.704219
11.867670 -14.854311 11.151127
11.874250 -8.256270 8.540688
11.881100 0.422838 4.996560
11.891350 6.973538 2.386404
11.894110 9.777110 -0.811574
11.907740 8.483722 -0.063612
11.914500 6.476392 -2.443967
11.921140 7.597800 0.402100
11.927810 5.991075 -1.179522
11.934700 3.770193 -0.252048
11.941230 1.805764 -1.989394
11.947930 -0.857954 -0.874717
11.961270 -4.104018 -1.429982
11.968140 -3.636511 0.217049
11.974710 -3.009922 1.967422
11.988320 -1.080848 4.288546
11.994600 1.280585 7.821071
12.008460 -1.841630 3.325449
12.014920 -3.644446 0.122840
12.021610 -4.765391 -1.622985
12.028830 -8.341423 6.083068
12.035040 -3.445828 3.596086
12.041910 9.280183 -9.993940
12.048420 18.890851 -31.006295
12.055300 25.036113 -46.078606
12.068490 25.812316 -49.405264
12.075590 21.871204 -42.416438
12.088710 12.781703 -23.812983
12.095280 3.023781 -0.471381
12.111150 -4.814577 12.452098
12.115270 -2.872675 9.532555
12.128900 -0.674605 3.784736
12.135400 -2.262348 -0.013369
12.149120 -1.245000 -3.270347
12.155570 -1.163156 -4.232127
12.162400 -1.004042 -7.079528
12.168950 -2.095131 -6.998445
12.175660 -0.677208 -8.391901
12.182540 3.925837 -8.743995
12.195760 13.103021 -8.686496
12.202570 10.559104 -6.780029
12.209180 0.828393 0.000098
12.219500 -5.644874 4.732678
12.222330 -9.680185 8.890768
12.229050 -11.193435 9.952745
12.235960 -2.712812 9.107035
12.249540 1.961766 3.483815
12.256020 4.935920 0.774658
12.262920 1.444996 -1.998585
12.269440 -5.574251 -0.534355
12.276130 -2.779426 5.951710
12.289460 1.351714 4.018882
12.296330 2.048838 2.441027
12.316460 4.344391 -0.508625
12.322830 5.899577 -3.545544
12.329530 -0.891418 -5.427509
12.336470 -3.741449 -1.474427
12.349750 -4.003868 -1.710593
12.356300 0.289838 -1.188481
12.363330 0.451887 -1.278044
12.369910 -5.272908 -6.610789
12.383440 -8.627033 -6.159032
12.390030 -6.377594 -1.788078
12.396730 -7.897143 1.922160
12.410100 -7.951217 3.064167
12.416970 -11.048893 4.968377
12.430910 -7.930934 -0.257477
12.437140 14.388934 8.639126
12.443800 -7.074533 -6.844970
12.450490 -43.501254 -31.990152
12.456970 -74.379729 -51.427014
12.470380 -92.862576 -60.874157
