0.000000 853.826400 632.562000
0.016530 853.608000 628.729500
0.033230 909.720000 607.803000
0.049500 884.301600 720.090000
0.065880 884.100000 722.274000
0.082050 864.007200 675.223500
0.098260 867.098400 630.672000
0.114640 866.980800 633.307500
0.131130 869.299200 595.959000
0.148630 844.384800 643.965000
0.164020 844.351200 646.506000
0.180580 844.485600 638.442000
0.196960 865.838400 614.103000
0.213510 866.224800 612.454500
0.230160 831.062400 661.836000
0.246540 839.378400 705.589500
0.263020 839.126400 704.592000
0.279170 860.764800 681.093000
0.295910 876.724800 531.205500
0.311940 877.245600 526.575000
0.328510 840.688800 564.343500
0.345310 849.693600 558.484500
0.361690 849.307200 559.912500
0.378120 768.096000 579.831000
0.394940 804.232800 579.400500
0.411020 804.367200 582.193500
0.427570 749.683200 502.320000
0.443810 959.868000 539.584500
0.460350 959.985600 541.212000
0.476490 472.718400 534.250500
0.498690 489.417600 494.907000
0.509500 486.410400 488.680500
0.525730 511.425600 487.483500
0.542110 567.554400 611.310000
0.558590 565.269600 606.196500
0.575160 532.039200 398.191500
0.591530 555.744000 482.254500
0.607960 556.869600 485.299500
0.624600 661.936800 492.408000
0.640910 659.887200 489.226500
0.657290 660.223200 490.623000
0.673840 554.736000 528.507000
0.690250 572.812800 434.878500
0.727910 572.376000 432.820500
0.731610 404.930400 391.923000
0.739230 450.172800 523.446000
0.776250 414.691200 453.558000
0.788490 451.332000 381.580500
0.805000 451.298400 381.507000
0.821520 392.330400 394.758000
0.838070 423.528000 476.280000
0.854240 425.980800 481.236000
0.870800 442.965600 471.933000
0.887310 443.251200 519.718500
0.903690 442.999200 518.553000
0.920190 410.894400 413.574000
0.936310 447.753600 477.235500
0.952860 446.544000 475.629000
0.969240 333.093600 503.926500
0.985600 381.511200 496.503000
1.002110 383.392800 499.495500
1.018620 394.111200 502.425000
1.046700 322.879200 504.682500
1.051930 326.004000 507.948000
1.067860 363.972000 536.886000
1.084180 407.971200 497.605500
1.100620 406.341600 495.484500
1.117100 424.855200 479.062500
1.133500 407.870400 519.036000
1.149770 404.796000 514.584000
1.166360 330.607200 470.421000
1.183060 354.816000 443.562000
1.199230 359.200800 450.607500
1.215610 344.030400 498.456000
1.232120 348.381600 469.003500
1.248500 349.927200 470.725500
1.264920 407.820000 460.519500
1.281360 410.558400 455.196000
1.297860 410.524800 455.122500
1.314240 686.112000 434.857500
1.330920 668.925600 437.440500
1.347340 667.581600 430.479000
1.369030 658.560000 402.465000
1.379910 667.682400 431.634000
1.412990 570.746400 366.208500
1.429560 521.707200 427.056000
1.445950 520.413600 423.727500
1.462460 495.667200 415.201500
1.484200 488.762400 414.666000
1.511340 537.650400 388.363500
1.527850 507.712800 378.525000
1.544580 505.377600 372.519000
1.560960 873.885600 465.486000
1.577250 706.188000 268.033500
1.593440 706.608000 270.028500
1.610150 1236.261600 453.505500
1.626400 1211.800800 443.457000
1.643480 1210.305600 446.859000
1.659390 1208.289600 520.600500
1.675610 1240.125600 465.045000
1.699540 1239.907200 465.486000
1.708560 1271.054400 533.421000
1.725010 1223.224800 547.732500
1.741390 1220.671200 552.237000
1.758180 1209.549600 600.075000
1.774590 1217.361600 513.439500
1.790630 1220.301600 508.462500
1.807040 1279.538400 510.289500
1.823480 1284.763200 550.168500
1.839970 1281.705600 554.599500
1.856350 1262.016000 495.148500
1.872860 1270.869600 492.576000
1.905930 1233.187200 589.197000
1.922290 1198.260000 503.527500
1.938530 1196.059200 508.987500
1.955950 1353.021600 688.285500
1.971530 1371.854400 504.105000
1.988010 1373.988000 500.745000
2.004410 1279.219200 787.227000
2.026790 1379.229600 804.006000
2.037280 1382.220000 801.181500
2.053470 1328.644800 778.732500
2.069950 1283.016000 758.436000
2.086330 1281.638400 760.609500
2.102840 1371.048000 717.150000
2.119370 1319.572800 758.803500
2.135540 1321.437600 756.409500
2.152240 1348.552800 801.360000
2.168620 1400.179200 769.020000
2.185120 1401.926400 768.127500
2.201510 1306.418400 805.759500
2.218010 1270.819200 799.974000
2.234440 1270.483200 800.299500
2.251350 1392.669600 785.106000
2.267280 1300.387200 777.178500
2.283650 1302.386400 775.204500
2.300060 1293.381600 798.504000
2.316510 1394.988000 825.856500
2.354280 1263.024000 891.912000
2.365770 1425.144000 837.837000
2.382090 1427.311200 836.965500
2.398460 1443.338400 876.813000
2.414970 1346.553600 767.455500
2.431340 1346.923200 767.098500
2.448070 1327.704000 789.789000
2.466720 1328.140800 779.110500
2.480630 1326.864000 779.971500
2.497120 1329.400800 853.261500
2.513500 1160.947200 885.612000
2.530010 1159.334400 887.271000
2.546600 1288.812000 824.197500
2.572710 1259.680800 800.635500
2.579020 1256.337600 803.554500
2.595380 1217.546400 885.370500
2.612400 1247.568000 802.305000
2.631370 1246.946400 803.439000
2.645320 1173.026400 694.627500
2.661480 1279.454400 615.615000
2.684170 1278.295200 618.397500
2.694470 411.650400 697.462500
2.710590 487.788000 698.145000
2.727090 485.335200 695.940000
2.743820 473.020800 735.199500
2.760120 553.089600 732.564000
2.792820 371.095200 675.727500
2.809220 403.099200 671.317500
2.825600 766.096800 706.135500
2.842110 458.724000 735.388500
2.858470 421.209600 776.065500
2.875320 423.091200 777.945000
2.901420 462.487200 801.538500
2.909230 421.814400 780.066000
2.924210 423.192000 781.105500
2.940590 412.759200 830.539500
2.957210 406.324800 787.153500
2.973400 404.880000 786.177000
2.990000 468.400800 776.622000
3.006760 495.213600 851.581500
3.039250 434.733600 778.711500
3.055620 465.712800 716.709000
3.072240 467.409600 718.893000
3.088490 369.868800 839.569500
3.105080 401.016000 847.801500
3.121350 399.033600 846.226500
3.137710 452.121600 900.763500
3.154210 373.497600 894.967500
3.170850 372.808800 894.411000
3.187210 402.729600 886.105500
3.203750 380.839200 876.613500
3.231720 375.866400 873.043500
3.240130 429.374400 907.179000
3.252560 402.192000 899.734500
3.269070 399.016800 897.603000
3.285740 357.504000 879.711000
3.302400 340.183200 886.998000
3.318810 340.720800 887.502000
3.342900 230.916000 844.032000
3.351460 291.026400 840.483000
3.367710 295.310400 843.118500
3.384410 328.608000 875.049000
3.400600 313.807200 870.187500
3.417260 314.697600 870.807000
3.433780 369.314400 875.574000
3.450090 351.523200 896.595000
3.466340 348.129600 894.253500
3.482640 196.711200 832.177500
3.499210 159.801600 809.676000
3.515800 159.146400 809.539500
3.532450 225.002400 852.075000
3.554890 195.535200 851.214000
3.581330 275.973600 846.279000
3.597580 250.773600 793.537500
3.616360 254.469600 796.488000
3.630870 937.137600 856.170000
3.647270 948.712800 773.461500
3.664520 949.216800 772.264500
3.680130 1120.980000 841.533000
3.696510 1191.624000 862.900500
3.712890 1192.833600 862.323000
3.729380 1273.087200 845.596500
3.745760 1250.205600 878.776500
3.778450 1172.841600 860.485500
3.794770 1235.236800 882.399000
3.811680 1236.984000 880.929000
3.827870 1137.292800 888.583500
3.846240 1147.070400 854.752500
3.880000 1192.027200 847.591500
3.893490 1172.052000 865.662000
3.909870 1169.599200 867.961500
3.926350 1179.259200 897.025500
3.943020 1171.178400 891.093000
3.959530 1169.716800 892.531500
3.975620 1186.264800 825.226500
3.993670 1191.439200 851.550000
4.008480 1189.406400 854.070000
4.024980 1157.956800 899.094000
4.041490 1172.841600 835.275000
4.057980 1174.672800 832.587000
4.074360 1227.945600 858.721500
4.090820 1224.182400 892.815000
4.107210 1222.267200 894.747000
4.123530 1177.243200 890.631000
4.140010 1154.244000 837.564000
4.156490 1154.697600 836.692500
4.172670 1246.543200 578.812500
4.189370 1117.569600 720.184500
4.222260 1227.122400 695.572500
4.238430 1254.758400 635.712000
4.254810 1259.395200 628.876500
4.271320 1187.978400 646.453500
4.287700 1212.254400 563.776500
4.304180 1212.775200 562.044000
4.320530 1224.871200 697.420500
4.337070 1193.220000 509.166000
4.353450 1195.824000 504.000000
4.370000 1184.702400 585.868500
4.386690 1156.024800 604.663500
4.402870 1153.605600 609.052500
4.429180 1184.500800 575.494500
4.435680 1153.269600 405.363000
4.451870 1154.092800 403.662000
4.468440 1181.140800 518.668500
4.484940 1219.948800 562.128000
4.501460 1218.201600 565.456500
4.518040 1159.334400 640.206000
4.539020 1171.598400 636.888000
4.552860 1172.976000 634.284000
4.567070 1173.496800 431.235000
4.583450 1105.272000 372.529500
4.616440 1044.153600 473.088000
4.633020 1005.765600 384.006000
4.665730 621.936000 353.472000
4.682400 461.361600 287.763000
4.698780 462.823200 291.595500
4.715100 411.348000 332.955000
4.732080 423.259200 369.190500
4.764310 428.064000 366.891000
4.780590 415.548000 344.725500
4.813800 430.164000 373.443000
4.832100 426.787200 366.240000
4.846650 425.157600 362.722500
4.870190 425.359200 360.055500
4.879250 441.789600 339.811500
4.912240 383.880000 353.955000
4.928620 392.968800 454.713000
4.944870 394.783200 457.789500
4.961380 249.547200 456.319500
4.977670 287.901600 423.381000
4.994370 288.624000 424.840500
5.010730 307.742400 419.328000
5.027240 316.478400 497.763000
5.043530 319.485600 501.070500
5.060020 307.524000 504.063000
5.085270 288.456000 527.709000
5.092800 284.289600 522.921000
5.109200 305.037600 499.002000
5.125500 356.882400 516.747000
5.142380 354.849600 513.859500
5.158790 278.208000 523.792500
5.175160 294.924000 337.680000
5.194020 297.444000 341.859000
5.207870 282.340800 476.248500
5.224330 288.372000 370.419000
5.240740 290.572800 373.884000
5.257110 275.200800 451.437000
5.273620 337.948800 654.370500
5.289990 338.721600 655.431000
5.306270 353.707200 836.776500
5.322720 430.416000 842.278500
5.339410 430.953600 842.352000
5.355730 392.061600 852.652500
5.383850 349.356000 839.926500
5.389940 347.709600 839.002500
5.408020 366.760800 830.581500
5.421330 352.514400 846.405000
5.437700 352.464000 846.373500
5.454170 385.778400 866.743500
5.470570 336.336000 851.035500
5.486950 336.722400 851.298000
5.503450 293.512800 860.023500
5.519760 276.998400 856.464000
5.536320 274.579200 855.004500
5.552700 283.164000 838.236000
5.569200 283.063200 832.849500
5.585560 280.728000 831.316500
5.601940 284.121600 832.324500
5.618450 263.424000 812.721000
5.638330 267.943200 815.734500
5.651240 234.679200 806.179500
5.667610 273.168000 856.086000
5.684460 276.528000 858.312000
5.700580 219.324000 827.158500
5.716850 261.324000 898.149000
5.736110 266.532000 900.816000
5.750020 232.831200 882.168000
5.766250 247.077600 894.841500
5.782700 247.480800 895.041000
5.799190 251.395200 879.343500
5.815570 254.436000 884.037000
5.831940 251.781600 882.640500
5.848370 291.295200 877.170000
5.864810 288.724800 884.247000
5.881320 286.288800 882.861000
5.897700 275.318400 839.233500
5.914200 290.270400 772.212000
5.930560 289.464000 771.487500
5.946970 345.492000 542.829000
5.964310 297.595200 506.299500
5.979680 295.276800 503.265000
5.996110 342.552000 546.693000
6.012790 380.116800 471.912000
6.029530 378.201600 468.751500
6.045540 274.008000 520.873500
6.065620 293.932800 575.242500
6.078430 291.681600 572.670000
6.094960 348.549600 575.221500
6.111630 344.064000 522.690000
6.127980 346.096800 525.462000
6.144320 305.944800 469.812000
6.160850 279.451200 481.047000
6.177120 280.946400 482.601000
6.193760 322.274400 436.086000
6.209950 318.477600 525.892500
6.226620 316.612800 523.971000
6.243000 323.366400 526.449000
6.259460 335.210400 563.745000
6.286510 330.724800 558.085500
6.293320 270.110400 461.790000
6.308420 280.812000 470.977500
6.324830 283.432800 474.432000
6.341640 460.908000 406.896000
6.357990 343.039200 521.619000
6.395770 1141.291200 475.450500
6.407100 1174.051200 337.848000
6.423610 1171.279200 346.216500
6.439990 1191.204000 430.962000
6.456490 1150.480800 516.096000
6.472850 1151.774400 512.967000
6.489360 1114.663200 486.234000
6.505520 1188.415200 433.996500
6.538600 1149.842400 353.661000
6.554980 1157.116800 423.654000
6.587860 1177.512000 498.267000
6.612110 1190.817600 486.234000
6.636860 1181.107200 470.064000
6.653420 1177.243200 390.463500
6.686310 1192.447200 386.610000
6.702840 1048.118400 501.291000
6.735550 774.278400 329.826000
6.751930 727.154400 263.886000
6.768620 726.700800 265.954500
6.784800 462.940800 333.994500
6.801470 466.855200 416.104500
6.818010 469.929600 422.919000
6.834110 452.155200 318.066000
6.850910 445.452000 405.688500
6.866920 445.065600 404.197500
6.884530 440.546400 339.171000
6.899960 476.565600 374.314500
6.916450 476.532000 374.241000
6.941890 461.983200 477.277500
6.949060 438.076800 319.252500
6.965740 436.833600 317.278500
6.982110 451.836000 476.511000
6.998410 440.865600 352.527000
7.014790 443.822400 358.144500
7.031290 470.316000 499.915500
7.047480 427.879200 462.157500
7.064030 426.132000 458.934000
7.080730 492.727200 522.406500
7.097080 488.224800 557.634000
