0.000000 88.221523 24.272553
0.004220 68.126187 21.252136
0.013370 34.205512 14.845711
0.026290 -2.186127 5.588921
0.036020 -23.470857 -1.439723
0.053440 -4.315018 -2.046107
0.057710 -1.504864 -5.857808
0.064250 0.272018 -7.950557
0.069950 0.910763 -11.353464
0.077920 1.410723 -12.184868
0.084680 2.506451 -12.101093
0.093300 1.875578 -0.797971
0.096330 -1.332909 8.323282
0.103120 -4.520636 13.193490
0.109910 -6.274115 15.070341
0.116430 -6.783863 14.976306
0.123190 -3.928307 11.688313
0.129900 -1.543583 4.879788
0.137150 0.002424 2.708899
0.145520 0.638510 -1.917176
0.156670 -0.958365 -1.194005
0.163430 -2.934394 -4.991866
0.170010 -2.328386 -6.409334
0.177060 -0.467910 -3.863491
0.183910 2.577119 -0.891580
0.190430 3.435361 0.148093
0.197020 1.410730 -0.023735
0.203490 0.245009 -0.409728
0.210500 -1.034041 -3.047737
0.217120 -1.998754 -3.770503
0.223810 -1.586746 -5.634386
0.231340 -0.773559 -8.107596
0.237210 -1.332376 -6.736605
0.243890 -1.908647 -5.946247
0.252750 -3.778957 -5.722844
0.257080 -3.633340 -3.445837
0.263980 -0.017774 -4.947953
0.278090 3.838077 -0.899498
0.284090 7.324819 2.413266
0.297470 9.013835 4.460518
0.304180 2.284300 -1.687621
0.317590 -2.772001 0.263082
0.324930 -1.729988 13.155308
0.337690 0.932297 26.739223
0.344380 5.491357 34.432878
0.357610 8.379916 34.440324
0.364240 9.060934 31.562634
0.377990 7.117905 16.559094
0.384560 2.719736 0.276101
0.391270 -2.380952 -7.813899
0.398160 -0.373837 1.525326
0.404440 1.159587 8.989585
0.411350 -0.628141 10.506683
0.418420 -1.745018 10.464664
0.424700 -1.851476 8.694025
0.431440 -0.879359 5.923151
0.438220 -1.315423 0.688315
0.444830 -1.772639 -1.197922
0.451470 -2.851071 2.912199
0.458350 -2.530506 -0.281055
0.489700 -1.859991 -2.832159
0.494490 -0.401243 -5.241039
0.497290 -0.823783 -6.391976
0.499710 -1.368614 -4.324419
0.505040 -2.677812 -3.703123
0.512050 -5.757351 -2.248610
0.518480 -6.465060 1.421978
0.525160 -2.281560 1.756444
0.538520 3.876724 -1.660231
0.545250 9.240155 0.326743
0.558830 11.611481 1.586980
0.565310 9.897561 5.397957
0.572200 6.704757 1.888833
0.580600 1.077507 0.591888
0.585280 -4.106810 5.711944
0.592310 -3.089052 7.035048
0.598860 -1.221665 6.411972
0.605570 -0.770720 5.769466
0.612440 1.593883 2.259593
0.618960 2.247005 -2.344979
0.625840 2.766622 -7.846090
0.632320 0.526672 -9.495796
0.639020 -3.172849 0.867522
0.645900 -3.456276 -7.918580
0.654020 -2.346246 -27.970659
0.659110 -2.046226 -46.077423
0.666010 -0.902795 -53.450194
0.679200 1.063320 -47.103309
0.687840 1.438835 -27.703087
0.692440 0.708205 -3.612705
0.701360 -1.085015 15.949678
0.706080 -2.809067 22.194098
0.712880 -2.428465 10.883370
0.719380 -3.093059 2.903889
0.726210 -2.256401 -0.154466
0.739500 -3.325171 1.372671
0.748270 -0.961808 1.535560
0.753100 0.333847 -0.335549
0.759600 1.868005 -1.667989
0.766280 3.550729 -1.655840
0.779620 4.795755 3.868121
0.786380 3.764633 2.357422
0.800460 2.173626 -3.959169
0.806410 1.169825 -10.034104
0.813240 -1.395155 -15.961166
0.819920 -0.603305 -18.419344
0.826630 -1.636021 -15.802379
0.833260 -0.160850 -7.192142
0.843140 0.348268 2.190486
0.846720 1.081363 7.007074
0.860050 1.171521 3.768472
0.866750 -0.368530 2.911540
0.873650 -4.036790 3.902618
0.880220 -6.762309 5.335177
0.889830 -5.333271 6.190118
0.900430 -3.891913 7.604872
0.907260 2.824036 9.118787
0.920460 4.757025 6.984580
0.927090 7.534461 3.996520
0.942550 5.623270 0.634364
0.947160 0.014243 -3.819005
0.960510 -2.194068 -8.079192
0.967400 -1.022103 -9.755365
0.989630 -0.686737 -9.930721
1.006830 1.128481 -7.817722
1.045420 1.585349 -2.219704
1.047790 -2.564685 -0.109142
1.061000 -4.197280 0.616663
1.067890 -6.540119 -1.599317
1.081150 -8.530340 -4.105534
1.087970 -6.641020 -0.009016
1.101190 -4.322103 4.266343
1.108060 -5.410582 5.635060
1.122650 -6.789970 5.877498
1.129810 -8.374191 6.105554
1.141550 -6.533840 2.427558
1.148070 -3.618823 -0.474089
1.154790 -0.169101 -1.720044
1.161690 2.211959 2.815164
1.169340 6.208126 11.360863
1.175040 6.254017 12.532997
1.181670 5.059948 11.907352
1.188260 6.655977 8.580723
1.195140 3.782312 5.094160
1.201660 -2.161393 -0.059628
1.208350 -8.233203 -3.028390
1.216160 -11.968801 -5.186712
1.221730 -12.035439 -3.956528
1.230330 -8.563693 -5.181413
1.236620 -4.828510 -5.500103
1.241700 0.741124 -5.230969
1.248550 3.711995 -3.506567
1.262780 1.685278 1.678242
1.275290 3.045802 1.449377
1.282030 4.358595 -1.465740
1.288830 5.680276 -4.986835
1.302130 5.146955 -7.247933
1.309910 2.912780 -11.202248
1.315500 -0.590258 -11.238723
1.322290 -0.847584 -9.913950
1.328900 -0.975596 -1.527314
1.335620 0.650170 5.071610
1.345200 1.784712 8.313483
1.348850 1.282261 11.985357
1.362630 10.852971 9.364334
1.369130 14.322806 -12.835779
1.375810 -8.208135 7.329837
1.382500 -6.963008 45.147159
1.389220 -7.173937 50.387545
1.395930 -6.640603 32.900374
1.405980 -5.091272 1.000986
1.416320 -2.140590 -29.548084
1.584250 5.477097 -54.116612
1.603380 13.040812 -62.782470
1.610080 1.855498 -44.719769
1.623480 -9.409700 2.085179
1.630270 3.588278 10.181159
1.637450 -4.432314 -0.959096
1.697250 -4.991872 -0.546309
1.704110 -5.323190 0.360422
1.710700 -2.076854 2.333417
1.717400 0.958090 0.651181
1.731400 -0.812121 -0.197819
1.744280 -4.683480 -1.591329
1.750920 -5.993556 -0.364454
1.764470 -5.940329 0.694212
1.770980 1.441998 1.034678
1.785860 12.800817 3.069263
1.790930 21.521276 8.018811
1.804690 25.286587 11.139473
1.811180 21.729483 8.799462
1.826020 15.718639 4.655347
1.831460 8.715628 -1.071438
1.844750 2.012037 -5.243686
1.851330 -4.132088 -6.745418
1.864760 -0.185599 -1.858691
1.872150 1.956243 3.376721
1.878140 1.061626 7.809908
1.886720 -0.189297 9.034951
1.895230 -1.690690 7.900908
1.900490 -1.765766 7.602422
1.905400 -1.679246 7.341281
1.911940 -1.485807 7.026783
1.920020 -1.057011 5.258917
1.925440 2.010905 2.665879
1.931890 3.258475 0.757490
1.945220 2.701775 0.636129
1.951930 2.192131 0.359094
1.966250 1.846275 -1.064274
1.972090 2.118283 -0.357640
1.985330 1.476844 -0.369508
1.992150 0.357234 -0.317153
2.005270 -2.171820 -0.520484
2.012910 0.528405 0.918106
2.025380 0.768922 3.433249
2.032360 -1.269496 4.084527
2.045680 -0.766894 4.028422
2.052300 0.868351 1.888153
2.065790 2.468940 1.612061
2.072480 4.440447 -0.448980
2.085800 3.639831 -1.657447
2.092710 1.214469 -3.346124
2.099190 1.522351 -3.319030
2.110830 -5.748827 -3.227800
2.113150 -8.310008 -4.022432
2.119310 -7.118704 -2.028823
2.126060 -5.498933 -0.534283
2.132900 -2.664135 1.420655
2.139370 0.145102 2.167411
2.146240 0.654695 1.900290
2.155090 2.725542 0.956223
2.164880 4.713126 -0.080497
2.168680 3.523218 -1.987292
2.173230 2.100487 -4.913596
2.186360 1.129853 -6.699641
2.193250 -1.011009 -8.478947
2.201800 -2.607375 -8.206127
2.206730 -2.938372 -5.739594
2.215370 -2.276539 -1.204156
2.224130 -0.475132 3.700745
2.227160 1.502284 7.662112
2.233500 2.721939 9.850040
2.239830 1.475294 8.582857
2.247200 0.773638 7.195950
2.253240 0.375359 6.553164
2.260160 -0.843365 5.220155
2.266650 -3.439525 3.313866
2.273430 -3.537793 0.302863
2.286780 -1.980174 -1.970127
2.293970 1.329258 -3.345876
2.300340 2.580282 -2.711107
2.306840 1.406097 -4.628877
2.313570 0.822096 -7.453577
2.326490 -0.215168 -10.895725
2.338730 -1.247897 -12.045589
2.349630 -0.792240 -9.817445
2.354410 2.748540 -4.650527
2.360420 4.529722 2.810573
2.374040 4.373419 8.863740
2.380510 2.972208 12.784197
2.388090 2.481480 12.018258
2.393910 2.886217 10.195284
2.400570 3.875301 7.815720
2.407440 3.076338 6.662276
2.414030 0.647258 3.704617
2.427580 -1.418276 0.793615
2.441240 -3.996596 -1.949780
2.447520 -5.246823 -3.964235
2.454180 -4.158146 -4.353242
2.460860 -4.047137 -3.630138
2.467710 -1.423753 -5.512034
2.474270 1.594856 -8.014615
2.481330 2.259474 -5.616918
2.487670 2.677839 -5.519946
2.494560 2.313982 -6.752338
2.501080 1.523168 -4.210221
2.507710 -0.510330 0.607173
2.514670 -2.418068 4.822532
2.521180 -4.165804 8.014504
2.528940 -3.997535 8.655900
2.534770 -3.205370 8.038501
2.542330 -1.914333 6.765805
2.554670 0.186695 0.804973
2.561350 3.244703 -1.724463
2.568060 5.795783 -0.653492
2.575280 5.654801 0.577893
2.588340 4.542240 2.200957
2.594860 1.566231 2.871986
2.601550 -1.644803 4.395172
2.608440 -2.536231 4.223773
2.614990 -2.910758 3.510038
2.628520 -1.789498 2.423026
2.635040 0.782582 0.005252
2.650650 0.681526 -3.503785
2.657640 -1.072416 -4.114387
2.669120 -2.954039 -3.019327
2.675110 -2.919577 -1.413333
2.688760 -4.044210 0.218323
2.695530 -6.251635 -1.658878
2.702110 -5.081160 -4.649289
2.708920 -1.944348 -5.978480
2.715480 1.129243 -9.093907
2.722130 2.163709 -6.536025
2.728940 3.586315 0.398342
2.735580 4.820871 1.484180
2.742390 4.873961 -1.368316
2.749140 3.113533 -8.091766
2.755680 1.844422 -4.556840
2.769270 0.004101 -2.635731
2.775700 -4.658949 -1.397444
2.782610 -9.236075 3.565401
2.789060 -10.628269 7.670706
2.795880 -8.717143 3.188514
2.802700 -4.081130 2.077884
2.809190 -0.552062 4.609500
2.816100 4.209549 6.781263
2.822590 5.115787 10.392055
2.829370 4.183871 5.134504
2.836140 4.273187 2.556566
2.849440 3.212160 0.275165
2.856250 2.306747 -5.125171
2.869710 0.202256 -7.585451
2.876130 -1.513239 -2.179082
2.889520 -1.801793 -1.084819
2.896350 0.453662 -0.790792
2.903590 0.005699 1.665226
2.909760 -0.034311 2.999294
2.916490 0.425161 3.387737
2.923180 -0.616695 -3.763103
2.929740 -1.639124 -6.128614
2.936670 -2.377113 -9.635066
2.943150 -2.341817 -8.280251
2.949910 -1.774066 -7.010911
2.956750 -1.540419 -2.704401
2.970060 -1.243210 0.713024
2.978180 -0.358568 -0.085147
2.984370 0.457119 -4.277332
2.990320 0.960055 -7.510029
2.996780 1.118152 -3.147016
3.010220 2.424386 -2.400489
3.016850 1.556247 2.544131
3.030230 -0.205542 5.663183
3.037130 -1.775984 6.495744
3.050320 -2.657119 3.412152
3.057230 -2.624189 0.140277
3.070440 0.223560 -1.407950
3.077330 0.804905 0.055101
3.083810 1.468029 -0.484934
3.101500 1.623408 -0.630117
3.110460 -0.488815 -1.575818
3.117420 -0.604963 0.593874
3.130690 -0.070614 4.116114
3.137590 0.888603 7.860093
3.144110 2.017952 9.579715
3.150750 2.132043 10.047741
3.157630 -0.303016 10.565770
3.164150 -1.298771 5.879574
3.170890 0.453488 2.188347
3.177770 4.323800 0.018625
3.184220 7.672457 -0.055622
3.190980 9.019974 -0.603646
3.197790 8.130651 -1.744836
3.204220 6.868027 -0.339095
3.211080 1.579983 0.800804
3.217780 -5.511620 0.186589
3.224670 -6.641157 -2.147732
3.231160 -5.496139 -1.613012
3.238010 -5.586446 -2.083667
3.244570 -5.387834 -2.262727
3.251250 -3.721406 0.246380
3.258090 -2.623072 3.103584
3.264640 -0.706151 6.271683
3.271360 -0.281666 5.414631
3.278590 2.670383 5.390593
3.284740 8.414696 2.033778
3.291450 3.792180 -0.943047
3.298360 -1.377878 -7.199000
3.306260 -3.377927 -8.973469
3.311490 -2.418406 -5.009791
3.318400 -0.711840 -1.512325
3.331640 3.131115 1.468358
3.338520 6.473267 0.847998
3.345040 5.964188 2.859633
3.351760 2.644743 0.743472
3.358640 -3.910811 -2.841879
3.365130 -4.105651 -6.595361
3.371830 -2.498788 -3.806522
3.378520 -2.012532 -2.337224
3.385410 -1.913268 -5.844694
3.391930 -0.980107 -8.551008
3.398460 -0.057204 -10.184205
3.405500 -2.424754 -6.055114
3.412010 -2.749605 -4.999700
3.422280 -1.791765 -1.281867
3.425420 -2.683451 5.408253
3.432130 -2.490897 7.326187
3.438800 -1.899367 5.344938
3.445510 0.400604 1.226238
3.452360 0.519772 -0.010203
3.458940 0.718917 -1.384850
3.465680 -0.354200 0.362723
3.472510 0.861918 1.925977
3.479080 1.846124 1.553798
3.492900 1.488560 1.270596
3.499380 3.464183 -0.831975
3.522900 3.614285 -5.252478
3.532980 3.256568 -5.751984
3.540130 0.661255 -5.238613
3.553320 0.048611 -3.502410
3.559580 -1.050134 -2.165214
3.572800 -1.038968 -1.447377
3.579610 -0.404962 -0.993145
3.592870 -0.599416 -1.353463
3.600650 0.607255 -0.769368
3.613020 0.277856 -3.418949
3.619930 1.608571 -4.739562
3.634040 0.306778 -5.962810
3.640020 -3.987957 -4.278635
3.653360 -2.291787 2.514616
3.659830 4.269459 20.563148
3.673360 12.336920 34.018013
3.680000 16.787525 45.928380
3.693730 17.611691 47.971287
3.700020 12.679568 38.030954
3.706790 6.416167 17.267945
3.713710 -0.166305 4.765092
3.720130 -3.788784 -5.477708
3.726900 -0.990079 -8.598410
3.733730 -0.588609 -10.791589
3.760110 -0.315151 -5.851193
3.776140 -1.298039 5.378697
3.780410 -1.480613 11.045618
3.788200 -0.325187 15.455561
3.793870 1.561778 14.818989
3.800500 2.159564 18.524209
3.813920 1.886534 10.163804
3.820600 4.321914 2.295828
3.827500 5.748445 -0.828634
3.835480 4.978202 -0.019420
3.843090 1.615064 -4.355742
3.856180 -1.954695 -7.948505
3.867250 -2.070373 -7.422181
3.881840 -4.426366 -4.417928
3.894280 -3.850188 0.034134
3.901100 1.601708 1.247227
3.914370 7.322571 -0.099092
3.920980 8.521067 -1.697915
3.934470 8.093665 -6.360547
3.941290 8.558065 -7.546908
3.954560 10.540975 -7.755759
3.961250 7.475241 -2.789329
3.977000 0.441620 0.879288
3.981360 -3.261491 2.695381
3.988230 -4.003747 0.026954
3.994750 -5.119202 -2.516541
4.001450 -5.594029 -1.948335
4.008350 -1.263049 -6.829721
4.014830 4.189982 -7.171286
4.022670 6.282960 -2.395237
4.028240 5.436641 -0.576012
4.034940 5.222627 0.946162
4.041840 2.851813 3.606796
4.048310 4.163288 2.817454
4.055170 1.366106 7.835936
4.061740 -1.179739 9.903852
4.069130 -1.031633 -1.565845
4.077520 -0.653556 -12.523757
4.081680 2.465476 -22.609944
4.095400 2.070540 -29.152959
4.101910 -2.842682 -23.826298
4.115530 -4.918387 -15.639774
4.122010 -4.883748 -6.007231
4.135590 -7.266166 3.523305
4.142110 -5.320017 1.966866
4.155600 -1.032733 -1.121670
4.162670 3.134137 3.525083
4.168950 4.850125 9.842205
4.175830 1.564890 13.816182
4.184330 0.186592 14.905759
4.188960 0.976155 13.799284
4.195930 -1.877801 12.854837
4.202380 -2.333372 10.707766
4.211160 -1.012291 9.005911
4.215770 1.591011 9.486536
4.222660 2.353413 2.530674
4.235890 1.407464 -4.458830
4.242770 -0.852320 -10.273881
4.249330 -1.420758 -14.349855
4.260060 0.164301 -16.316350
4.269730 -0.076018 -13.699526
4.272620 1.403652 -10.065218
4.276270 0.265760 -4.616646
4.289500 -0.072203 -1.867853
4.296010 -1.532578 -0.589851
4.305130 -2.292082 6.993622
4.309550 -0.838106 9.284418
4.316460 1.977909 6.438056
4.322930 1.057132 3.371164
4.329860 -1.813569 0.501952
4.336350 -4.319450 -1.909630
4.343050 -6.262086 -1.347629
4.356450 -3.872495 2.392618
4.363150 -0.722875 2.781246
4.376700 2.769162 2.923992
4.383230 4.498092 0.390480
4.402920 4.385507 -1.282838
4.410040 3.207787 -1.801332
4.416720 2.599349 -2.231942
4.423360 1.581591 -1.216255
4.436860 2.042567 -1.193088
4.445460 3.327809 -3.263027
4.456930 2.355824 -6.058501
4.463760 0.789930 -3.508618
4.470310 -0.182266 -4.431381
4.477010 -0.302045 -4.005543
4.483890 -1.974242 -0.017160
4.490690 -0.785560 -1.578923
4.497090 1.337443 -5.586662
4.503980 2.297602 -8.038566
4.512220 2.832499 -10.139130
4.517050 0.783780 -8.614726
4.524170 1.400386 -6.323492
4.537560 1.707496 -1.633965
4.544210 1.937635 4.187963
4.557370 3.605827 5.328150
4.564220 6.089988 1.332007
4.577480 4.998840 0.403418
4.586870 2.565654 0.706676
4.597660 0.273929 0.829500
4.604510 -2.692659 2.590561
4.620830 -2.877382 1.730996
4.624200 -5.084088 1.392226
4.639730 -5.646574 -0.015411
4.644520 -4.562070 -2.542404
4.658000 -3.115930 -4.885562
4.664590 -0.805463 -6.897459
4.671250 -0.122969 -6.651638
4.679940 0.479506 -5.241772
4.684720 0.428293 -3.393952
4.691700 -0.019023 -1.744349
4.698060 -1.429776 1.835192
4.704830 -1.079063 3.439185
4.718140 0.266968 3.274047
4.750990 1.691047 3.175862
4.755490 3.176555 3.178020
4.758230 4.007971 3.918074
4.765020 3.956740 3.702955
4.778600 2.792459 2.733895
4.785260 1.504580 2.623071
4.791830 0.879221 0.689158
4.798710 -0.074818 -0.851182
4.805200 -1.481897 0.851631
4.811910 -3.261397 1.106563
4.819820 -5.102304 1.206044
4.825310 -6.653320 2.270352
4.834080 -7.442153 4.642842
4.839930 -5.098427 4.532014
4.845280 -2.663211 4.719963
4.858790 0.079034 4.791226
4.866620 1.813306 5.302023
4.878930 0.677384 5.007754
4.885580 -0.892755 1.774552
4.898990 -1.514126 1.307433
4.905690 -1.748735 -0.030318
4.919080 -2.301692 -0.417446
4.925720 -0.277347 -3.592962
4.939170 1.612261 -1.830242
4.947480 2.029176 1.070029
4.960200 -0.748480 2.841128
4.965960 -2.360310 4.383207
4.979350 -1.985793 2.474948
4.986100 -0.513794 0.781853
4.999450 1.750473 -0.361937
5.006430 3.546641 -0.142936
5.019660 6.385826 -1.560869
5.026500 4.882403 -0.148400
5.039840 4.026324 0.127986
5.046350 1.006402 -0.915547
5.061270 2.059308 -2.058186
5.066620 -0.389008 -3.719483
5.079890 -1.798683 -4.662866
5.086530 -4.931503 -2.205801
5.101100 -6.987146 0.506142
5.106640 -7.382881 4.045486
5.113550 -5.647372 5.764842
5.120020 -1.371993 3.399054
5.126920 1.295252 -2.175675
5.133420 4.792611 -6.322372
5.140200 3.179871 -8.907806
5.147950 2.289102 -9.444396
5.153510 0.241810 -5.825575
5.162030 1.419237 -2.826703
5.167060 3.980846 -0.971370
5.173460 6.170400 0.383296
5.180390 6.141924 1.582032
5.187070 5.255324 3.651554
5.193870 3.071314 5.301969
5.200590 -1.219725 0.939156
5.207080 -4.062136 -0.015443
5.213850 -2.334264 -1.848347
5.220710 -1.086595 1.536204
5.227200 -4.071865 13.018768
5.250690 -7.125915 22.414153
5.254440 -11.551147 30.435344
5.260650 -12.265260 38.067539
5.267610 -9.631099 34.483570
5.278140 -6.224166 34.593832
5.281000 -1.091497 37.982719
5.290000 1.932864 38.119500
5.294250 -0.114172 36.779612
5.300850 -1.097106 26.034269
5.307840 -1.432491 9.064691
5.314270 -2.258603 -2.336041
5.321030 1.844886 -11.337932
5.327870 4.558906 -17.232887
5.339230 4.109575 -6.458361
5.343100 4.233312 2.128224
5.347730 4.493669 6.502533
5.354840 2.341140 8.494895
5.361290 -0.690475 9.476472
5.367900 -2.743355 12.873084
5.374850 -4.831646 11.008850
5.388310 0.277761 4.138300
5.399120 2.802078 -5.022709
5.421550 3.390522 -8.448664
5.430160 6.234122 -12.089256
5.441660 3.454010 -11.432019
5.455010 -0.804801 -1.717016
5.461960 -4.048642 -0.944991
5.468390 -4.348603 0.112487
5.481800 -3.312692 -3.455149
5.490820 1.145403 -3.416957
5.501700 2.215291 -5.128908
5.508710 3.585452 -2.757128
5.515210 2.700151 -0.826628
5.523080 -1.099748 2.143223
5.528850 -1.252011 2.822148
5.548700 -0.183361 -3.637034
5.555420 2.163645 3.548414
5.562240 3.937006 4.903290
5.568720 4.380757 4.183338
5.582720 3.066426 0.561178
5.589100 -0.295906 -2.035248
5.602200 -4.856750 2.403017
5.610560 -4.419429 1.495127
5.622500 -2.883308 1.630299
5.629260 1.714561 13.074796
5.642700 0.971384 5.416866
5.649150 -2.688634 -16.564117
5.669340 -6.618946 -33.308938
5.675930 -9.307038 -42.998591
5.899800 -8.997711 -40.019904
5.903530 -7.656179 -23.225990
5.910220 -2.983311 -7.614845
5.917000 -0.661885 13.757317
5.923850 1.782971 22.771441
5.931960 0.969988 10.296393
5.937000 0.262152 7.510310
5.944660 0.491429 4.604076
5.950420 1.646544 3.045954
5.957100 0.674307 0.237130
5.963800 -2.881848 -1.378597
5.970670 -6.378649 -2.045859
5.977350 -5.601045 -3.861023
5.983920 -2.565317 -2.462346
5.991330 -0.638107 1.938442
5.997520 2.949727 3.705808
6.004010 7.910799 3.783879
6.010870 10.370922 3.151986
6.017560 7.290628 -0.201092
6.024360 4.148665 -1.758082
6.030950 -1.933269 -6.728463
6.044540 -2.093825 -6.785948
6.051040 -0.105884 -2.562640
6.064570 1.122247 0.802443
6.071150 3.512745 2.813552
6.093650 1.421402 5.809539
6.105220 -0.847712 8.449870
6.111960 -3.196746 6.260019
6.118090 -2.510287 2.911665
6.124980 -0.517851 0.657442
6.138180 6.025933 1.502452
6.146200 7.280598 0.725088
6.152490 5.040165 1.172996
6.158270 1.270878 0.483510
6.165130 -0.657924 0.455292
6.171680 -3.149284 1.421715
6.178770 -4.193463 0.347700
6.185050 -3.136098 -0.086811
6.191840 -3.191979 -0.003512
6.205030 -1.429167 -0.700374
6.211980 0.101372 0.497558
6.218500 2.616069 -1.122444
6.225580 2.327444 -2.855053
6.232090 1.785856 -2.676785
6.238650 -2.289937 -2.426473
6.245410 -3.317118 -1.939408
6.260760 -5.760784 -1.126730
6.262910 -3.840926 0.845828
6.265570 -0.039017 -0.278388
6.272040 0.934792 -2.827951
6.285480 3.893355 -5.019203
6.292400 1.779802 -1.332803
6.305650 1.190899 4.015498
6.312480 0.631155 6.494264
6.326760 -0.449796 8.900733
6.332690 -2.361899 9.567127
6.346140 -3.225793 6.806312
6.352560 -6.240090 1.650748
6.371910 -5.931859 -1.247879
6.374720 -3.835613 -1.619157
6.386020 -3.055808 -1.402439
6.392650 1.367862 -3.249484
6.406130 2.070615 -3.803831
6.419450 1.254447 -1.561866
6.426250 0.215630 0.460696
6.433080 0.173238 1.913703
6.446480 -0.885716 2.612055
6.452940 -0.136273 2.304294
6.466860 1.020893 1.168333
6.477450 3.057001 0.382741
6.486640 4.760964 -0.427337
6.493130 3.083125 0.739772
6.509090 1.167163 1.886002
6.514760 -2.182313 2.488973
6.520300 -4.951365 1.187399
6.526810 -7.217461 -0.244014
6.533270 -4.295556 -1.679671
6.546740 -0.356854 -3.364568
6.553500 4.825131 -5.673995
6.560320 6.002733 -4.115140
6.566790 4.040810 -3.237254
6.573730 2.186594 -6.404887
6.580570 0.195269 -4.289829
6.587290 -0.773402 0.332145
6.593870 -0.606539 3.611834
6.600310 1.991459 4.980025
6.607060 3.705818 5.781099
6.613650 4.479726 5.842480
6.626970 0.790086 4.645473
6.633850 0.438143 -1.080237
6.640470 -2.102726 -2.913351
6.648750 -3.996270 0.007582
6.654350 -5.493544 -1.412369
6.667530 -3.995749 -2.659673
6.673810 -3.216956 -2.215772
6.687490 -1.823149 -1.883216
6.697820 -0.817871 -1.502214
6.707520 0.786819 -2.135436
6.714350 4.392314 0.965586
6.727750 4.498185 2.146662
6.734260 5.565665 0.361587
6.749180 7.043384 -1.341461
6.754310 5.570025 -0.883746
6.767790 2.673452 -2.579576
6.774470 3.494416 -4.560012
6.788240 -6.515213 -3.705444
6.794730 -21.413965 3.366210
6.815360 -36.441902 9.889210
6.828060 -43.866701 11.520299
6.834760 -39.941426 11.614914
6.848180 -27.559805 12.322740
6.854810 -12.303497 4.899812
6.868210 3.138353 -5.147577
6.875010 9.057780 -10.584432
6.881840 4.068032 -9.964892
6.888300 2.252767 -5.209467
6.895160 1.853602 -1.972171
6.901700 3.146840 3.073665
6.910020 4.406697 5.481257
6.916370 5.171894 3.244459
6.922000 2.686759 -1.005000
6.928560 0.478175 -2.309548
6.935200 -1.273664 -3.899027
6.942090 -0.543467 -5.845703
6.948600 -0.712789 -3.068685
6.955360 -3.404428 -1.458248
6.962130 -5.086916 -0.235662
6.968760 -5.727364 0.037798
6.975380 -5.332903 2.108759
6.988770 -5.004818 4.919385
6.995510 -0.880765 3.578554
7.002900 2.906995 2.404595
7.008970 5.150084 2.135131
7.036560 3.825422 4.437464
7.039730 2.156912 2.091695
7.042580 2.280656 1.662094
7.055790 1.997124 1.641220
7.062530 1.779194 1.376670
7.069280 1.907916 1.117008
7.076030 2.745743 2.343689
7.082620 2.853515 3.239191
7.089450 3.530514 3.070851
7.096000 2.774541 2.700474
7.110330 -0.284649 1.235504
7.116040 -4.298407 -0.407954
7.122810 -8.535186 -0.726685
7.129460 -9.146981 -1.581452
7.136870 -4.270813 -1.896182
7.142810 -4.026133 0.786324
7.149750 -2.491002 -3.068037
7.157100 -0.307857 -8.950821
7.162920 -2.364168 -12.556991
7.169810 -5.007125 -14.133584
7.176330 -6.487120 -12.197629
7.183020 -3.846737 -7.228120
7.189910 -0.395533 -1.872914
7.196430 -1.250490 2.585546
7.203970 -2.649208 6.649915
7.210000 5.045789 7.111532
7.216510 7.845897 11.177515
7.223210 5.027917 14.980925
7.230090 4.521250 15.097485
7.237330 3.260183 12.399020
7.251050 4.987179 5.374685
7.256690 3.142283 -1.363156
7.270280 2.405159 -5.372007
7.276800 6.846143 -3.662655
7.290380 7.212485 0.043095
7.297350 -1.382194 3.062501
7.310500 -6.891525 7.684884
7.316990 -7.506177 6.448809
7.330580 -6.143405 2.237868
7.337070 -0.438677 -2.795591
7.353750 1.142131 -3.877536
7.357030 5.068809 -5.894049
7.370760 11.581395 -8.437973
7.377270 9.049834 -6.792905
7.395840 1.566819 -3.301127
7.411430 -0.887585 -1.859906
7.417980 -4.866670 -1.587749
7.430930 -6.032068 1.061232
7.439050 -4.956878 2.244098
7.451080 -2.262485 2.107556
7.465590 4.761627 -1.511966
7.470890 5.483819 -6.879111
7.478000 -0.339029 -4.197142
7.485320 -3.757271 -3.866811
7.491110 -4.854625 -4.056940
7.497960 -5.268167 -2.499362
7.511260 -1.694913 -2.340692
7.517880 0.894028 -1.896664
7.524790 3.529430 -1.244068
7.532140 4.157480 -2.582153
7.538090 2.241304 -1.159699
7.544940 2.496181 3.530520
7.551450 2.227158 0.591684
7.558220 2.053880 1.338119
7.571360 1.730956 5.265493
7.579100 -0.023676 10.246207
7.585070 -0.889772 10.358014
7.591610 -0.641159 10.480702
7.598340 -0.625877 10.658894
7.605120 -0.830234 8.833141
7.611760 -0.152551 4.424641
7.618410 1.143663 1.074406
7.626490 0.692030 0.743008
7.631860 0.551474 0.681953
7.638490 2.280046 0.492895
7.645400 2.384928 -0.742608
7.651890 0.020292 0.331068
7.658670 -0.846538 -3.302410
7.665510 -2.137672 -8.437119
7.681100 -2.687148 -11.145150
7.685230 -2.948925 -12.579380
7.692360 -3.059108 -10.725596
7.698820 -1.678907 -6.647219
7.705560 -1.652763 -1.148371
7.712380 -0.625725 2.826988
7.719080 3.171514 5.080185
7.725650 6.169898 5.785766
7.732410 7.068474 6.553370
7.738970 5.622888 3.939317
7.745680 2.931475 1.390262
7.752340 -0.202851 1.905620
7.759310 -2.826114 0.086713
7.772660 -3.096696 0.396710
7.779260 -0.826397 0.103573
7.788040 -1.788585 0.859877
7.792390 -0.019192 4.999058
7.799460 0.793816 4.126560
7.805950 -0.110673 1.193612
7.814730 -0.713018 -1.060379
7.819410 -0.367969 -3.765208
7.832740 1.177966 -9.208089
7.839470 -0.189017 -8.378479
7.846210 -1.096735 -5.040384
7.852840 -1.103491 -0.819505
7.859910 0.421084 4.178155
7.872920 -2.374904 4.705777
7.879680 -3.803121 7.174550
7.886400 -3.630029 5.329324
7.892920 -2.121996 4.104114
7.899560 -2.542317 0.779301
7.908790 -1.100490 0.185280
7.913350 4.985844 -0.708496
7.919820 8.274794 -1.623730
7.933350 8.311122 -0.653338
7.939930 5.017548 0.441715
7.946610 3.551332 1.290065
7.956420 -3.566310 -0.641917
7.960060 -10.126029 -1.585720
7.973600 -12.087405 -4.854758
7.980080 -8.605282 -5.073727
7.993700 -6.613175 -1.917597
8.024030 -5.142375 -1.224991
8.033520 -3.885340 -0.355346
8.040510 -3.355482 2.578763
8.053880 -2.886688 4.310611
8.060760 -6.094060 3.436822
8.074050 -2.672470 3.196911
8.080570 0.323436 2.917616
8.095650 1.688062 2.161668
8.105160 0.165688 0.738802
8.124340 2.439022 -2.544279
8.127300 1.769739 -3.675038
8.141140 -0.712786 -8.157860
8.154440 -1.686519 -15.723031
8.161010 -0.637198 -20.865292
8.174620 0.634453 -18.697958
8.181110 -0.089375 -12.075493
8.194610 -1.445262 -5.077207
8.201200 -3.279270 2.104318
8.214800 -4.200298 6.869637
8.223040 -7.751281 3.670434
8.234750 -7.453231 -1.056401
8.241350 -5.405328 -1.507261
8.248170 -3.293979 -0.426545
8.254920 2.196436 0.044113
8.261480 6.870033 0.859381
8.268300 8.554152 0.789007
8.274860 8.285509 2.381447
8.281410 3.951611 -0.629631
8.295060 -2.458138 -3.448441
8.301670 -9.463082 -1.421900
8.308470 -10.277019 0.977622
8.315050 -6.009767 0.303945
8.321780 0.698045 -0.530673
8.335570 2.618976 -0.772980
8.341750 3.728204 -2.529748
8.355260 2.600585 -4.948966
8.362100 -1.034556 -8.245497
8.375290 -2.663937 -3.079817
8.382060 -2.365779 2.439980
8.395660 0.135842 4.451279
8.402140 1.456559 3.600477
8.415520 3.440477 0.208806
8.423800 2.335429 -0.949123
8.437810 0.366707 -2.712528
8.444980 -2.496648 -5.671709
8.455740 -3.604397 -4.571468
8.462360 -3.147398 -1.434823
8.475750 -1.221334 -2.081634
8.482540 1.040207 -1.714305
8.495850 3.169725 -0.323997
8.502810 2.740315 0.444877
8.509310 3.355117 3.259903
8.517550 1.965529 3.852544
8.522670 -1.249307 4.756989
8.529270 -1.580224 6.365967
8.536190 -1.054649 5.857690
8.542730 -1.777548 5.168071
8.553550 -1.683990 5.307963
8.556020 -0.880246 3.408185
8.564090 0.505062 4.223361
8.576290 1.425247 2.638303
8.582920 -1.333221 2.758158
8.589610 -1.500228 -3.446709
8.596330 0.473813 -9.983429
8.603190 -0.018297 -15.869534
8.610650 0.963204 -17.216742
8.616430 2.210528 -12.830896
8.623430 1.375517 -5.708779
8.629810 0.916059 -0.017822
8.636510 1.085677 3.033141
8.643380 0.108314 5.210020
8.649900 -1.853342 2.641715
8.658090 -3.435038 3.541167
8.665970 -6.140972 4.504660
8.676780 -5.808157 3.665090
8.683420 -3.886934 0.778775
8.690080 -4.003063 -2.961694
8.696910 0.423163 -5.038297
8.704880 4.080362 -4.705935
8.710180 6.261677 -1.392434
8.717010 7.686664 4.121373
8.723580 9.187980 9.615152
8.730280 5.839581 8.758110
8.737160 2.860943 4.287103
8.743680 -0.394098 1.271110
8.750290 -6.616022 -3.263330
8.757150 -7.261208 -7.150151
8.765580 -7.909729 -7.923916
8.770770 -6.943837 -6.581846
8.777300 -6.123061 -4.378584
8.783860 -5.825964 -0.889973
8.790560 -6.066005 1.286358
8.798100 -0.742578 -1.008212
8.804150 4.954319 -0.803462
8.810860 7.085231 6.670798
8.817340 9.627304 24.768670
8.824230 8.625601 25.490473
8.837450 4.471594 14.940536
8.844660 0.381509 2.042938
8.850830 -3.459667 -13.890749
9.063270 -4.413767 -27.740382
9.070210 -4.746560 -32.284622
9.079230 -3.883357 -19.388027
9.085480 -3.404082 -3.948524
9.092840 1.042763 3.860115
9.098540 2.022740 -2.703422
9.105550 -2.653523 0.984995
9.112050 -1.821711 2.653405
9.118760 4.933400 -4.313754
9.125450 12.092259 -14.329192
9.132150 21.309511 -19.332392
9.138790 28.467485 -17.492970
9.145560 29.803220 -10.013299
9.152440 22.703161 -0.527700
9.158940 7.199076 8.891942
9.165660 -3.962669 14.815726
9.173200 -5.503640 11.449004
9.179050 -7.027864 2.756190
9.185920 -7.171608 -2.847195
9.192420 -4.550249 -1.564217
9.199180 -4.110849 -3.424459
9.207290 -3.387214 -6.923178
9.212390 -3.499141 -10.382739
9.220070 -4.716911 -10.331402
9.226240 -2.474531 -10.998492
9.232730 0.607351 -9.111133
9.239550 2.424646 -2.757695
9.246020 6.141055 4.553923
9.259460 7.284079 13.475605
9.267100 7.823014 10.018632
9.279590 5.907885 7.813796
9.286310 2.636532 7.291438
9.299600 -0.472287 7.289427
9.306420 0.936882 3.936337
9.319880 -0.975811 1.948824
9.326510 -0.402963 -2.324425
9.339790 2.504202 -6.474654
9.346700 4.496875 -11.279593
9.361050 4.351486 -17.594535
9.366890 2.438155 -14.722053
9.373360 0.089870 -9.236840
9.380150 -2.096035 -5.179442
9.386890 -3.885819 -2.740602
9.393380 -5.571864 1.195386
9.400170 -1.825711 5.636052
9.411190 2.256875 7.421979
9.415270 4.838672 4.214477
9.424000 3.832082 1.737951
9.442180 3.394298 0.125661
9.448360 1.243914 -2.855693
9.460360 -0.843167 -2.783758
9.467070 -2.641553 0.665263
9.473940 -2.416758 3.308413
9.480440 0.068417 4.695427
9.487360 0.243560 2.696425
9.493860 -0.205827 3.235236
9.501810 1.477514 0.502771
9.507560 4.526446 -1.884074
9.513950 5.471399 -6.593818
9.520640 2.528739 -9.820010
9.529430 -1.655937 -9.514405
9.537210 -5.478531 -6.573528
9.541500 -8.277572 -0.883488
9.549980 -7.950704 7.560589
9.567580 -4.750757 8.798588
9.574330 1.201771 3.389038
9.580890 4.632556 -1.741231
9.587810 4.376632 -7.413777
9.601880 1.183883 -7.046483
9.607840 0.157658 -3.241507
9.621310 -0.638532 0.650627
9.634660 -0.592617 1.360338
9.649480 0.596694 -3.995264
9.652060 -0.444069 -6.582538
9.661450 0.099073 -0.195726
9.668170 -0.315266 9.107830
9.674770 0.767880 16.319673
9.681640 0.742809 18.622997
9.689800 1.799614 17.457063
9.694940 2.035689 13.359039
9.701650 1.062673 2.586317
9.708260 -0.014107 -4.624346
9.715040 -2.776382 -2.592649
9.721620 -3.342766 -3.768716
9.728350 -3.397732 -1.124414
9.737400 -0.023922 -0.105979
9.741820 4.289983 1.590876
9.756330 6.481859 0.698765
9.761730 6.600729 -3.891314
9.768640 4.697742 -9.300070
9.775180 1.460000 -11.431360
9.783430 -1.924332 -11.457042
9.788850 -2.811918 -12.817829
9.795550 -1.050376 -6.639837
9.802000 1.761623 -2.237009
9.809100 3.298536 3.127765
9.815430 0.948665 1.578760
9.822280 0.035065 1.762551
9.830270 -2.858577 0.541927
9.835690 -5.192298 2.701162
9.842160 -6.363121 0.884650
9.849040 -6.569646 -0.305302
9.865820 -3.806911 4.525150
9.868860 -3.695491 3.666975
9.882350 -1.241947 1.942070
9.889260 1.494327 -4.167539
9.902700 5.333416 -6.778380
9.909330 6.044448 -9.497810
9.926340 6.135540 -8.641953
9.930370 4.708861 -8.981461
9.936050 1.670160 -6.947232
9.943010 -0.372438 2.224881
9.949690 -2.987956 9.625061
9.956240 3.057892 20.486347
9.963170 1.942223 15.552035
9.986680 -5.811955 4.898590
9.989380 -13.784162 -4.256439
9.996510 -22.753719 -19.598381
10.003000 -26.509186 -33.666420
10.009760 -24.672089 -42.576220
10.017890 -15.745321 -32.462249
10.023160 -5.753109 -19.162214
10.030020 0.706128 -7.990769
10.036450 1.558989 -5.825411
10.043180 3.536257 -1.136099
10.050030 4.838634 1.910288
10.069980 2.540315 -4.586164
10.086560 3.749079 -3.314439
10.090020 -1.536347 3.640245
10.103450 -4.534319 8.005549
10.110550 -6.632636 5.121459
10.123590 -5.883094 0.828674
10.130200 -1.817229 -2.095461
10.143570 0.585569 -5.264903
10.150490 2.472023 -5.409266
10.156930 2.315310 -3.075223
10.163670 1.579527 3.246852
10.170570 1.801503 6.237314
10.177050 1.433013 4.117079
10.185460 -1.219008 5.824782
10.192250 -3.699642 2.987495
10.197230 -4.727479 2.244350
10.203840 -4.977842 1.983788
10.210760 -5.201152 4.384513
10.217250 -4.350774 7.357311
10.224020 1.342690 0.618239
10.230600 3.183776 -7.209220
10.237500 0.082798 -13.238055
10.244040 -0.235182 -17.616741
10.250820 -1.301800 -17.151547
10.264180 -2.043171 -9.363619
10.270990 -4.167729 -2.678893
10.284290 -2.709419 1.704012
10.291020 1.955407 2.424966
10.304260 5.278357 -0.277649
10.311220 3.762506 2.533906
10.324380 3.150163 0.918742
10.331320 0.724425 -0.941169
10.348520 -0.132437 -0.280301
10.352590 -1.542096 1.018791
10.364930 -2.145933 -2.223496
10.371790 0.319845 -4.796926
10.384750 -0.517534 -1.994061
10.391810 -2.397698 -3.337037
10.412190 -2.632349 -3.645161
10.425040 -2.729032 -6.084021
10.431630 -3.691476 -3.111234
10.445120 -1.360765 -1.967623
10.451770 -0.315314 -3.315703
10.465170 1.283886 -1.027720
10.471760 3.015238 3.939436
10.485960 0.912394 7.411797
10.492040 -0.018223 6.469900
10.505270 -0.912392 7.748889
10.519520 -0.936121 8.302369
10.548860 2.342868 8.034145
10.552340 3.486519 5.096023
10.565590 4.715996 3.549811
10.572480 4.291552 4.764679
10.585820 5.887212 0.036071
10.592380 3.229450 -4.212521
10.605700 2.174251 -8.102892
10.612570 -0.183353 -6.546322
10.633030 -2.664437 -7.186818
10.645950 -5.284257 -7.749510
10.652800 -7.492785 -5.094585
10.666160 -4.739469 -3.883785
10.672920 -1.689338 -2.945494
10.686220 3.450912 -3.458852
10.693050 3.646843 -1.583525
10.706380 3.804662 1.090754
10.713790 1.591297 3.967491
10.726510 -1.579464 2.917440
10.732860 -3.591351 2.760503
10.746350 -2.617563 0.253140
10.753240 0.655499 0.233986
10.766520 4.697161 1.590432
10.773410 8.202791 1.933885
10.786610 7.288495 3.450555
10.793510 4.888877 3.985827
10.807840 1.149455 3.470985
10.813410 -2.502280 2.500963
10.826970 -2.776018 -0.010723
10.833500 -1.592361 -2.134214
10.847500 -0.945203 0.365895
10.855720 -0.420214 -0.876701
10.867140 -0.645300 2.259770
10.873650 -2.661441 3.247878
10.887200 -2.994391 2.040533
10.893860 -3.067125 -0.119504
10.910660 -2.645188 2.111847
10.915230 -3.078274 -0.206461
10.927640 -2.728422 -1.434248
10.934150 -2.172455 2.816817
10.959560 -2.361596 2.399407
10.967290 0.397106 6.961173
10.974300 2.058403 1.484055
10.987520 1.676376 -0.049566
10.994570 -3.975518 -4.703502
11.007700 -0.115099 -1.708605
11.014370 8.945904 2.508003
11.027750 17.079202 8.989333
11.034410 21.095826 13.841016
11.054670 21.400309 13.192701
11.063530 18.553842 12.406789
11.067780 7.528105 4.827010
11.074810 -2.887661 2.930589
11.081300 -7.929541 0.958092
11.088610 -2.793021 4.900067
11.094980 -1.636215 3.279935
11.101390 -0.117992 1.197085
11.108250 2.757869 0.313098
11.114790 4.550538 -0.302291
11.128280 5.269711 -0.336126
11.135730 2.098815 -1.338923
11.148420 -1.328344 -1.857866
11.154970 -3.740521 -4.829190
11.168890 -6.630320 -4.153302
11.174920 -11.051016 -4.381959
11.182630 -11.787715 4.558092
11.188640 0.979242 9.794093
11.195160 1.065547 19.126017
11.201920 6.250431 15.046221
11.208760 11.104277 6.914506
11.215260 16.300042 -1.343010
11.221970 17.944324 -4.678974
11.427620 14.042751 -8.173576
11.430140 10.942390 -13.068927
11.436390 9.153763 -11.044504
11.443000 3.178748 -10.991695
11.456550 -9.115294 -10.862849
11.462970 -1.873194 -14.584790
11.469780 -1.958642 -5.682429
11.476660 -4.038941 2.819072
11.489880 -3.866604 9.848681
11.496660 -3.285844 6.634190
11.510720 -2.612527 3.829899
11.523590 -1.705791 9.087098
11.530060 1.445440 15.616434
11.536850 4.793366 21.425270
11.550190 4.438694 23.373568
11.558880 -0.407291 18.310063
11.563550 -1.361969 11.365031
11.570240 1.899557 2.943750
11.577070 3.280535 -5.746163
11.583640 4.618626 -5.484089
11.590390 5.838998 -0.279631
11.597030 4.999157 2.134898
11.613480 2.980934 3.925927
11.617720 0.852020 2.129573
11.623840 -0.454975 4.510077
11.630730 1.031141 1.275812
11.637310 0.684261 -0.603155
11.643940 0.786549 -3.883997
11.653110 0.339233 -7.656025
11.664250 0.961607 -8.393201
11.670830 1.182826 -4.691565
11.677560 1.194860 1.417665
11.690820 0.133315 5.625074
11.699780 -0.604825 4.008913
11.711140 -1.863925 0.153351
11.718870 -2.943209 0.354963
11.731050 -0.943868 -4.249197
11.737690 0.797926 -5.817123
11.757800 2.001485 -2.010087
11.771200 2.474108 2.293803
11.777930 2.875883 6.122108
11.784720 2.854173 4.952373
11.793530 3.627794 3.737102
11.798100 3.824329 3.488136
11.804670 0.337518 2.878838
11.811460 -10.065661 4.013459
11.818090 -7.860993 4.128920
11.831330 -2.897141 4.043598
11.841130 4.702477 0.792231
11.844910 8.349454 -1.672121
11.851780 10.751829 -2.262181
11.858330 10.863134 -0.885766
11.865000 7.319415 1.760854
11.871860 3.016413 4.872957
11.878370 1.629191 6.103870
11.891900 5.325320 7.103978
11.898680 0.912207 2.108192
11.905160 -0.915268 -2.939826
11.912110 -2.174894 -9.357507
11.918560 -0.382980 -9.486882
11.953890 1.288063 -9.755824
11.965300 4.665924 -10.649312
11.972290 2.763306 -6.058781
11.981840 0.197316 1.159094
11.992400 -1.880599 4.795825
11.999020 -4.437538 1.784262
12.012460 -6.811893 1.083975
12.019060 -8.496781 0.274622
12.036330 -7.717374 1.830389
12.045530 -3.670629 -1.330355
12.056530 0.671430 -0.263623
12.059060 2.101741 3.356860
12.073430 5.958054 3.772721
12.079520 6.635330 3.459476
12.086130 3.887739 3.805267
12.092730 1.905650 3.474795
12.099620 -1.430958 1.650573
12.106090 -3.463609 -0.076859
12.112960 -3.617379 -0.450829
12.120510 -2.015966 0.230810
12.126210 -0.173629 0.724039
12.132840 1.744185 0.114778
12.139770 1.580514 -3.002212
12.146280 -0.939455 -4.082384
12.155000 -0.663942 -6.185831
12.159540 -0.326346 -6.762811
12.167300 0.661311 -2.878914
12.173070 3.090503 -2.400431
12.180010 6.240290 -1.682276
12.186470 6.314253 -2.548407
12.193200 5.031119 -6.100853
12.200060 4.474299 -4.590919
12.214220 2.055315 0.458236
12.220150 3.490093 4.403464
12.226600 -3.970330 8.868830
12.233390 -12.898070 9.578848
12.240270 -21.460423 4.957062
12.246750 -22.216855 2.601486
12.253580 -17.922411 -0.318506
12.266180 -9.385284 -2.682485
12.268900 3.329995 3.482967
12.273590 12.618347 7.770769
12.280240 16.596560 10.234682
12.286940 9.892787 7.831014
12.293650 6.846230 -1.061605
12.300540 5.564530 -9.098839
12.308460 4.458977 -17.838751
12.313730 0.252494 -19.384909
12.320560 -3.228852 -15.145835
12.327140 -3.613102 -1.081189
12.333830 -4.203347 5.923143
12.340680 -3.593026 10.325030
12.347220 0.411908 5.999923
12.355890 1.189470 0.934018
12.360880 -0.923297 -4.723129
12.369320 -4.309606 -1.038936
12.375470 -5.212393 7.172320
12.380930 -5.396797 10.916812
12.387630 -3.756312 12.413975
12.394450 -2.189376 5.793845
12.401850 -0.030536 1.364218
12.407780 -1.321227 -5.548875
12.414200 -4.466692 -8.231623
12.421010 -5.449382 -9.659732
12.427820 -3.507232 -3.316128
12.434390 0.325927 -4.092414
12.441120 6.854119 -3.389062
12.448230 6.890087 -0.650713
12.454290 5.837549 1.169566
12.461240 5.961903 1.689598
12.467800 1.958630 0.495391
12.474560 -3.247759 -2.259191
12.487200 -6.782326 -2.582571
12.489660 -5.555338 0.066166
12.496740 -3.698468 0.716295
12.501480 -0.872270 2.585689
12.514790 1.035248 4.863927
12.521410 7.459417 5.034358
12.528140 8.940769 3.709166
12.534880 4.594666 3.098861
12.543070 1.195988 1.637092
12.548170 -1.273082 6.035865
12.555080 -3.962554 9.106359
12.561600 -5.130626 6.838674
12.568340 -3.849923 1.588202
12.575180 -1.898584 -2.315741
12.581780 0.436321 -4.462013
12.607070 2.471942 -5.138030
12.614080 2.702813 -3.453393
12.617490 1.976894 -1.566212
12.621990 0.026402 2.077413
12.628540 -0.894539 0.424603
12.636060 -2.444461 -2.655294
12.642140 -0.940658 -8.190521
12.648650 1.174261 -0.550758
12.655340 -16.118207 22.034299
12.662220 -18.631729 22.169162
12.668740 -12.435083 8.136532
12.675440 -0.313133 -11.135753
12.682230 10.643882 -30.162075
12.857370 18.764842 -42.912027
12.864480 21.685899 -43.915030
12.870010 17.324674 -29.666398
12.876340 4.661084 -1.783755
12.882960 -6.427155 11.421718
12.889620 3.082196 4.550126
12.896310 3.499675 4.848838
12.903070 1.874737 3.097515
12.909870 -0.321728 -0.545482
12.923190 -2.954121 -3.986399
12.936810 -4.903593 -2.510666
12.943560 -9.610283 2.750061
12.950130 -2.295534 6.233567
12.956920 6.489079 9.320677
12.964030 14.075730 8.997165
12.970220 17.165903 6.939895
12.976810 15.841601 4.698475
12.983750 10.210437 4.178037
12.990310 5.413622 0.828616
12.997140 2.902198 -1.472752
13.003710 2.702889 -8.065225
13.010930 8.332390 -10.131920
13.017060 5.152731 -8.125428
13.024770 1.831234 -5.313694
13.037330 -1.384265 -0.327405
13.043850 -0.330873 0.614808
13.050600 -1.566318 -0.834151
13.057190 -1.839411 -7.323361
13.064300 -2.948487 -9.407094
13.070610 -2.183323 -6.703743
13.077570 -0.721787 -2.600309
13.084290 1.316129 -0.515413
13.097690 4.249482 0.256293
13.114430 6.523900 -0.280441
13.118340 8.217863 -3.037923
13.124610 2.156730 -4.167604
13.140020 -2.517999 -1.234151
13.144200 -5.973591 6.814120
13.151990 -7.995676 10.674097
13.157840 -6.515118 8.432443
13.164500 -1.291989 6.124740
13.171080 1.764462 2.601675
13.177980 3.314464 -0.190382
13.184490 3.940560 0.151123
13.191270 -2.688037 5.196925
13.200940 -5.469405 9.011119
13.204780 -6.899758 9.933959
13.211580 -2.943663 6.298321
13.218290 -0.697737 0.775976
13.224930 0.091579 -1.510657
13.231700 -2.293969 -0.331493
13.238100 0.728185 -0.311503
13.259610 1.784013 -0.493076
13.264780 0.697394 -0.266965
13.271550 1.952677 -2.769338
13.278450 2.709506 -2.622761
13.285020 1.785862 -3.440923
13.292020 -1.433136 -4.502052
13.298620 -2.394088 -4.570840
13.305130 -1.750998 -2.737516
13.318630 1.568341 -4.154177
13.325210 2.643317 -5.381973
13.331850 7.180176 -13.278952
13.342180 6.992295 -7.869920
13.345890 -2.348038 8.736188
13.367020 -14.100786 25.606721
13.371990 -25.314987 34.832268
13.378760 -29.590046 33.985377
13.385420 -24.790939 24.576830
13.392130 -15.957716 5.976137
13.399040 -5.332042 -9.178787
13.405530 2.880019 -14.540990
13.412260 2.122459 -6.517371
13.419050 -1.438655 -0.568831
13.425640 -1.834293 3.272873
13.436560 -3.794566 2.842137
13.440420 -2.874892 2.378632
13.445930 -2.013174 2.386070
13.452780 -1.173797 2.643911
13.462570 0.638384 0.856390
13.484500 1.529913 -1.142820
13.491840 0.471476 -4.475645
13.494350 0.323629 -0.096452
13.499290 0.775835 5.292139
13.505990 1.337404 7.230936
13.512800 2.671095 7.020131
13.519390 4.145057 4.631598
13.526080 4.028936 4.746392
13.539480 1.947006 3.707474
13.546190 -0.339913 3.971210
13.553120 -2.265190 2.154153
13.559550 -2.099852 5.115031
13.566280 -1.244693 6.755483
13.573250 -1.578828 4.508670
13.579530 -2.446093 4.519727
13.586360 -2.360998 3.515832
13.593200 -3.346767 5.358881
13.599660 -2.822560 1.855107
13.606470 -3.118279 -0.779276
13.613280 1.968712 -7.948450
13.619890 4.122796 -6.757998
13.633450 1.104738 6.184031
13.639950 -6.307756 22.704116
13.646730 -10.739949 35.816759
13.660060 -9.833018 41.162452
13.666750 -4.464763 40.459818
13.673630 2.964986 25.880868
13.680380 7.017261 7.585318
13.686700 9.751168 -8.181113
13.693730 1.820327 -6.055594
13.700270 -5.527286 -2.324353
13.706940 -8.714720 -2.873893
13.713840 -5.765031 -0.356539
13.720390 0.087870 6.408642
13.726860 1.688970 8.804087
13.740290 2.162096 7.052252
13.747120 3.203732 4.293598
13.753830 3.346235 4.212471
13.760690 0.935825 6.101629
13.767220 -1.202941 6.740044
13.773920 -3.127310 7.099198
13.780830 -1.992855 7.416663
13.788440 1.292751 4.422901
13.794670 1.152481 0.600144
13.800910 4.698596 -1.544130
13.807420 4.840822 -5.775371
13.814260 2.963197 -7.660589
13.820790 -0.694101 -9.672290
13.827550 -4.559652 -10.767995
13.847600 -6.145363 -11.968917
13.862030 -5.607437 -6.198884
13.866270 -6.319625 -0.258715
13.870760 -6.783012 4.129649
13.875340 -0.537105 8.114339
13.888000 0.096547 7.501808
13.894500 1.448141 6.453227
13.906880 2.522224 6.326908
13.909170 1.105302 1.494971
13.921480 -1.815530 -4.174701
13.927890 -5.076140 -8.837235
13.934760 -7.711441 -9.205770
13.941570 -4.424354 -6.765796
13.948110 -2.184770 0.392705
13.954760 -2.915022 4.477581
13.961640 -0.965357 9.038274
13.974700 -0.890696 8.875890
13.981640 -3.001147 3.660654
13.988490 -1.655546 -0.645413
13.994940 1.742760 -3.208460
14.001830 6.156759 0.674142
14.014900 8.930189 -1.526370
14.021860 7.871497 -6.000713
14.028590 2.950586 -8.662663
14.035200 -2.494453 -7.632139
14.041840 -6.418934 -4.851138
14.048750 -7.133853 1.126529
14.061960 -5.046156 3.890137
14.068940 -2.809143 3.497165
14.075340 0.871090 1.791441
14.082220 1.751875 -6.398698
14.095360 3.090290 -7.427259
14.099430 -1.507181 -6.114821
14.103910 -4.226591 2.929835
14.109030 -6.178393 -5.820122
14.124750 -6.969357 -20.131205
14.128860 -5.787330 -41.580296
14.137250 -2.210062 -51.537940
14.142410 2.013337 -46.919641
14.149150 4.366553 -35.689836
14.162520 6.236895 -19.692777
14.169350 4.043125 -7.713966
14.175880 4.812248 4.839221
14.188690 3.173651 2.053042
14.193250 0.420211 7.638913
14.197950 -1.574031 7.257090
14.203040 -4.011567 10.683294
14.209500 -5.519644 7.275806
14.216100 -4.384778 -2.498277
14.222830 -2.368271 -10.820625
14.238830 1.684564 -14.865113
14.242640 3.898065 -12.588718
14.249340 1.423325 -11.420849
14.256230 0.233501 -6.580905
14.263100 -2.019206 -7.129333
14.270720 -0.166922 -2.136949
14.276210 0.634698 1.638927
14.283220 -0.874022 3.987751
14.289740 0.659338 6.443242
14.303360 -0.239373 -1.270087
14.309850 -2.982714 -3.458109
14.317690 0.644321 -4.176304
14.323820 3.359131 -5.962757
14.330000 13.272975 -1.415357
14.344880 21.585845 9.219502
14.353160 21.503502 12.718752
14.356810 20.673292 15.679168
14.364250 16.011339 15.685718
14.370160 4.041272 9.885468
14.376770 -2.076888 14.881267
14.383470 -0.872422 6.753494
14.390200 -3.353013 2.180152
14.397010 0.568056 0.895177
14.403550 -1.423499 -4.796631
14.412010 -1.178100 -6.827553
14.424900 0.285082 -5.704770
14.430580 1.119312 -7.072087
14.437190 2.041930 -3.898371
14.446180 3.953854 1.675828
14.454760 1.966461 0.512210
14.465280 -4.159775 3.704837
14.471100 -5.971686 5.163460
14.477290 -5.452609 1.971301
14.484100 -3.091609 -2.303994
14.490650 -0.551400 -7.464957
14.497380 0.832305 -6.423711
14.504470 0.888791 -1.227203
14.510780 1.754777 0.312964
14.517500 0.788813 -2.839396
14.524310 4.442538 7.859303
14.530790 -2.319715 20.947103
14.537650 -2.436988 16.497783
14.544190 -0.162312 10.917389
14.558420 3.830269 -2.156910
14.563670 8.064033 -17.055137
14.736400 10.268534 -26.836498
14.745630 10.543390 -26.455486
14.751660 6.094694 -11.779362
14.758380 -1.079584 11.958957
14.772110 -13.130373 17.814372
14.778560 -7.336199 16.599646
14.785880 -3.253907 17.515098
14.791860 1.404784 14.357639
14.798660 4.380130 9.112383
14.805420 5.991979 2.364355
14.811970 6.969359 -5.023050
14.818680 4.211060 -8.532897
14.825360 1.900223 -9.325844
14.832720 0.304971 -6.482835
14.845610 2.034899 -0.253096
14.852490 1.408487 5.107658
14.859020 0.650260 6.825256
14.865700 1.294879 1.243951
14.883900 -0.413109 -0.905757
14.888960 -1.740293 -0.421349
14.892390 -3.238542 -1.779615
14.899220 -5.198251 -1.918163
14.906100 2.010212 -0.724967
14.912560 4.986216 1.904795
14.919470 1.225388 0.709343
14.926470 -5.271282 -3.870778
14.932760 -13.219082 -9.065635
14.946060 -20.325064 -9.239845
14.952810 -20.787534 -6.923552
14.959690 -14.608543 -2.576678
14.966200 -4.043387 2.540452
14.974100 6.626159 4.131627
14.979600 6.823928 2.556318
14.986260 8.246298 -1.769101
14.999520 8.309555 -4.607796
15.006390 5.372839 -5.242796
15.013260 1.807377 -2.344126
15.019980 -3.195307 1.065675
15.026560 -4.499926 0.339037
15.033360 -5.767896 -1.823413
15.046660 -4.752631 -4.575851
15.053100 -1.220322 -4.047304
15.069420 1.707932 -2.207243
15.073400 2.657968 -2.048750
15.080040 1.794105 3.062109
15.093450 -1.215165 10.435012
15.100040 -2.698056 12.177351
15.106780 -1.699165 9.306981
15.113900 -0.524733 4.485854
15.120340 -0.994341 2.842843
15.126950 0.855676 1.794230
15.133900 2.966037 0.419059
15.140320 4.009644 -2.631292
15.147090 2.972006 -1.261884
15.153940 3.069736 -4.588824
15.163020 2.719890 -11.325787
15.167390 0.800035 -13.580205
15.173820 -1.524152 -13.800476
15.187210 -3.422271 -6.946999
15.193910 -2.248492 -2.175183
15.200820 -2.282393 3.302855
15.215830 -1.418520 10.590732
15.234160 -1.642657 8.502290
15.240780 -0.498086 2.672202
15.247710 -0.356172 -1.058991
15.261530 -0.609175 -7.465785
15.269280 -0.728038 -8.756892
15.274470 -0.756829 -3.672721
15.281420 0.595182 -0.934293
15.287900 2.170535 0.225835
15.294690 1.918067 5.276134
15.305270 2.143954 6.312949
15.314690 3.256141 14.781358
15.319120 3.066920 15.248586
15.331600 1.674958 8.992092
15.334420 2.063769 7.200615
15.350960 1.212472 0.571324
15.354670 0.453096 -9.623267
15.361600 -1.139629 -7.571226
15.374950 -1.501724 -3.189572
15.388140 1.662235 -0.458578
15.397060 4.386083 1.996003
15.408320 4.485534 2.322207
15.415150 2.301847 2.652668
15.433020 0.015089 3.020665
15.435470 -2.140643 1.121783
15.455230 -5.170631 0.946909
15.468530 -5.159808 3.034612
15.475500 -5.117788 0.992328
15.481950 -3.078762 6.564356
15.491340 0.609425 3.219013
15.502020 2.207608 -1.426213
15.508710 4.700342 -6.948549
15.515610 5.496082 -8.640633
15.528880 4.134315 -11.872959
15.559910 0.010059 -12.638913
15.564110 -2.974734 -9.569265
15.568840 -6.651756 -6.800325
15.575810 -4.824975 -1.226152
15.589080 -3.238310 1.867768
15.595960 -5.314879 9.964743
15.602490 -2.316692 13.670280
15.609320 2.156457 14.385689
15.615890 8.248006 6.869844
15.622560 3.705872 6.247048
15.631030 -0.333929 4.662400
15.644760 -4.446678 2.046211
15.650560 -7.669783 0.061025
15.656030 -9.122529 -0.759544
15.669460 -7.749009 -0.822138
15.676580 -3.350231 -0.753544
15.683020 -0.790020 -0.174806
15.689540 0.010542 -0.946838
15.696250 -1.421491 1.440384
15.703150 1.621945 -2.734655
15.709660 2.381515 -8.976937
15.716360 5.267081 -11.702310
15.724150 7.555877 -8.698077
15.729740 6.379022 -6.415945
15.736410 4.695878 -4.159307
15.749850 4.241507 -1.800138
15.758580 -0.260097 -2.350856
15.770670 -3.351492 -0.658342
15.776640 -7.327056 7.916823
15.783680 -1.289002 2.355165
15.790040 7.494538 -5.971491
15.796730 12.909231 -18.690876
15.803610 15.401061 -29.305016
15.817770 15.518379 -35.711719
15.823710 11.456360 -33.199731
15.830260 4.219880 -20.575272
15.836950 -1.286136 -0.925856
15.843840 -7.302232 11.382758
15.850320 -9.087233 8.553738
15.857200 -11.813820 9.592827
15.871080 -5.028301 4.575107
15.877240 5.177329 0.499364
15.884060 11.736896 -0.108761
15.890500 13.188261 3.481095
15.897350 10.879190 8.981247
15.912000 3.727768 12.195033
15.917500 -5.089690 8.724603
15.930780 -11.105267 3.165331
15.937610 -8.888051 -3.173907
15.950880 -1.394178 -6.753308
15.958680 -0.582322 -6.169146
15.971850 -2.176690 -2.640597
15.978520 0.184338 0.639330
15.984370 1.698110 2.788256
15.991120 1.657249 2.601196
15.997730 2.249264 -2.637112
16.011140 1.833181 -3.322256
16.017880 2.658234 -2.216507
16.024690 -0.070433 -1.978397
16.031290 -6.943955 0.828613
16.037970 -9.418744 4.626385
16.044590 -5.346731 5.555551
16.053240 -2.337863 3.318330
16.064660 3.779121 -0.348291
16.071440 7.039310 -5.518605
16.078280 6.694197 -7.045452
16.087210 4.117032 -8.512628
16.091290 -1.594308 -9.896427
16.099230 -4.763602 -5.366294
16.104910 -3.657621 -4.358710
16.111570 -2.808850 -3.911908
16.118450 0.134004 0.106691
16.131700 3.965284 4.141281
16.138480 9.629905 6.622724
16.158640 8.678336 7.627940
16.171970 0.675700 5.335748
16.178630 -9.431809 2.680150
16.198660 -17.788732 -2.785312
16.212000 -21.315906 -7.747435
16.218990 -18.239029 -6.814712
16.225430 -9.193310 -3.515882
16.232220 0.134006 0.482468
16.240340 8.321973 0.968722
16.245560 4.628378 -1.228230
16.252390 0.302451 -5.461401
16.258890 -1.177963 -7.157849
16.272510 -1.806259 -3.966529
16.279050 -2.042038 4.987533
16.292740 -1.037753 12.903073
16.296780 0.631443 19.274286
16.312720 3.891522 20.372838
16.315820 5.444702 10.606035
16.321110 2.652490 0.946482
16.325870 2.096748 -11.608915
16.333350 3.495320 -16.849839
16.339280 3.553184 -16.992136
16.346240 4.111050 -12.689097
16.352850 3.762159 -6.526355
16.359360 1.891795 1.433814
16.366060 0.902305 4.988402
16.372970 -1.071641 3.812850
16.380610 0.948454 5.220070
16.392930 0.064806 0.964636
16.399690 -2.161880 -1.644941
16.414960 -5.315899 -6.192336
16.419660 -6.961292 -7.956343
16.433070 -7.559782 -9.320698
16.439750 -4.047586 -1.722611
16.453150 1.162926 1.894744
16.459850 6.929584 2.880960
16.466730 7.435885 6.611838
16.474020 0.751149 6.114993
16.480050 -3.487564 6.364396
16.486680 -5.107341 9.548779
16.500140 -3.429087 13.088678
16.506730 -0.255643 13.830166
16.513430 2.467943 12.583972
16.523990 2.187753 5.882580
16.526670 1.957186 -1.460211
16.533610 -1.814155 -6.771778
16.540210 -2.214405 -11.792891
16.546920 -3.165894 -14.898371
16.553620 -3.555345 -12.860849
16.560530 -3.831117 -10.074240
16.567830 -3.299779 -12.492253
16.573900 -2.520437 -6.575098
16.580260 0.548984 2.784166
16.593990 3.710171 5.242866
16.600500 4.091677 8.383266
16.620660 3.544857 6.663949
16.628860 -1.668157 0.123405
16.634860 -3.079307 -4.168718
16.640730 -1.410187 -8.770725
16.654110 1.488949 -10.142177
16.667500 1.983933 -1.506593
16.674030 4.937287 -0.149215
16.680930 3.684835 -0.884934
16.687900 1.360367 1.968879
16.694330 1.106458 13.892251
16.700980 2.022733 28.379773
16.714400 5.664436 40.304871
16.721080 7.108167 38.127599
16.736890 6.887283 28.980434
16.743310 5.884322 14.359947
16.747870 4.390548 2.208665
16.754980 -1.940407 -4.401850
16.761250 -5.711425 -3.457685
16.768130 -3.730539 3.513222
16.774660 -2.128816 0.946419
16.781430 1.270652 -5.625397
16.788230 2.550024 -11.666178
16.794750 2.615453 -7.149254
16.802030 0.143875 1.349121
16.808130 -2.546888 9.305572
16.814840 -4.024252 9.656146
16.821530 -1.783995 9.565903
16.828360 0.348474 2.287114
16.834920 -0.234851 -7.502325
16.841640 -1.434977 -13.153454
16.852020 -3.294562 -10.514786
16.854870 -2.903298 -3.455197
16.861820 -2.010520 4.180100
16.868420 1.533121 3.082749
16.875090 3.579930 1.501705
16.882000 4.826298 0.699320
16.888540 3.413369 -6.454098
16.895220 1.331042 -5.548525
16.902100 -5.386947 -1.964338
16.908610 -2.152935 12.673884
16.915310 -4.228133 13.951537
16.922290 -0.964415 1.479631
16.935590 4.927470 -19.607495
16.942510 1.531251 -25.517921
17.107560 -1.228823 -26.684152
17.117150 -5.625701 -21.879634
17.123020 -9.438956 -7.450059
17.143250 -7.148549 4.581727
17.156450 -0.234631 10.518321
17.163420 -1.527240 -5.968379
17.180790 4.070592 -8.945248
17.183100 2.930076 -5.415141
17.196710 0.340612 4.887992
17.203350 4.224195 6.808938
17.216790 4.330126 6.246135
17.223710 5.596004 5.680343
17.237010 6.257282 4.180208
17.243600 4.376400 1.702643
17.250330 3.430216 2.415038
17.257180 3.978372 9.426743
17.263670 3.967754 4.961252
17.270420 4.856104 -2.229572
17.277300 1.078151 -9.607499
17.283550 -9.822761 -7.484786
17.297300 -10.524920 -3.524178
17.303870 -6.917223 0.233040
17.317470 0.337241 7.860948
17.323950 9.631018 7.590871
17.337460 16.711924 -2.114166
17.343950 18.211039 -11.542920
17.357560 14.970308 -14.351421
17.364140 2.546348 -10.193540
17.370840 -6.500472 -1.589673
17.384250 -6.874707 3.919100
17.392430 -7.730075 11.841212
17.398250 -4.693512 13.043774
17.404590 -1.584794 5.338674
17.410980 2.974408 1.231942
17.417880 8.068102 -2.470530
17.424350 9.870737 -9.161757
17.431170 4.468071 -14.474160
17.437930 3.349597 -12.771318
17.451150 0.301124 -13.199857
17.457900 -2.863825 -4.000686
17.466040 -7.629340 6.429946
17.478300 -9.705729 16.417306
17.484650 -7.240831 18.443007
17.498250 -2.977202 12.103691
17.512420 1.513687 6.452614
17.517990 7.211674 0.033464
17.524980 10.581137 -4.353835
17.538260 6.138465 -5.387877
17.545150 1.433291 -3.135785
17.558390 1.906412 -0.905197
17.565290 0.189831 -0.759150
17.578380 -0.673881 -3.289886
17.585280 0.469100 1.208461
17.605370 0.281938 0.667722
17.618560 -0.510208 0.690287
17.625310 -1.827585 2.596842
17.638700 0.650322 5.432068
17.652250 3.479349 2.133448
17.658900 2.248804 1.264726
17.665490 -5.043406 -5.823139
17.672380 -7.929082 -7.035659
17.679020 -9.194107 -5.905980
17.685580 -7.015170 -8.521621
17.695090 -1.697311 -2.267131
17.699160 2.649982 1.458609
17.705750 5.820916 4.598461
17.721140 5.648285 3.015097
17.728720 5.628452 3.282716
17.732320 7.615561 0.344785
17.745930 7.051789 -2.738185
17.759510 5.232971 -3.965235
17.765990 1.273529 -1.723918
17.779380 -3.878757 3.269719
17.794720 -8.294779 6.357056
17.799550 -9.413201 7.374988
17.806520 -8.172474 4.226041
17.813020 -4.129703 -0.017302
17.819620 -0.298759 -5.788065
17.840140 0.195514 -7.416917
17.843680 4.045635 -5.911378
17.847470 4.674086 -3.858132
17.852950 3.672464 -0.817317
17.859810 1.639187 3.090275
17.866510 1.280813 1.041383
17.886770 -3.726794 2.559155
17.899990 -10.726194 4.932232
17.906950 -14.362619 9.476215
17.921170 -10.899471 14.243258
17.927290 -6.795317 15.768299
17.933520 -5.901399 16.272615
17.941220 -3.481801 11.772442
17.955970 0.706151 4.581287
17.960280 0.694106 -1.964653
17.968630 -2.165743 -1.426028
17.980290 -2.739398 0.200518
17.987180 -0.237621 2.572459
18.000480 0.508320 1.242001
18.007300 -2.538190 -0.705749
18.025840 -2.568304 1.468569
18.031240 -1.341179 3.685490
18.036530 0.184280 5.606821
18.041490 0.722734 8.449676
18.054340 1.994975 10.586795
18.057700 1.973909 10.204448
18.067060 3.245635 4.002633
18.070080 3.068576 -2.122894
18.074130 2.686633 -3.393720
18.081030 1.262676 -2.369945
18.087480 0.544962 -1.977516
18.094280 0.897449 -2.069561
18.100860 1.934416 0.319938
18.108020 2.182994 1.198804
18.121170 2.692115 -0.241375
18.127660 0.097351 -1.019487
18.134510 -4.611784 0.337866
18.141080 -7.633618 6.291313
18.162570 -9.758113 7.036948
18.164820 -8.454295 6.255823
18.167780 -4.973203 1.619895
18.181260 -0.845686 -4.800006
18.188000 3.161155 -9.959507
18.204760 4.958172 -10.512604
18.210750 3.715543 -8.524607
18.214620 1.629478 -0.438161
18.221810 0.643274 9.614441
18.228450 1.243175 7.913568
18.234930 1.872153 4.502853
18.241690 -0.531310 -6.007614
18.251440 -3.475604 -13.481960
18.261700 -1.662479 -18.790463
18.271790 -2.118089 -17.100049
18.281940 -2.391427 -10.877688
18.288420 -1.677206 -0.173184
18.308510 1.257974 0.406271
18.321910 3.739987 -1.791001
18.328560 -0.897449 -3.196337
18.342570 -2.915556 -2.662297
18.348800 -0.424963 4.530853
18.362090 1.947980 5.801689
18.391340 2.460983 11.926510
18.394050 2.060492 12.806751
18.396590 1.287524 -1.150322
18.409210 -3.081295 2.071827
18.422590 -20.885782 25.426834
18.429130 -7.295949 43.489202
18.437510 10.970483 33.283005
18.451490 22.424497 1.904371
18.456040 27.064208 -34.731085
18.618200 22.844952 -61.489421
18.623450 10.504811 -74.790885
18.629840 -3.315676 -66.344458
18.636560 -11.344790 -20.629652
18.643350 -12.008247 6.976140
18.650090 2.875934 9.630656
18.656660 -3.734948 -1.796849
18.663350 -5.161819 -1.721809
18.670560 -6.088318 -1.521856
18.676740 -4.304408 -0.826463
18.683550 -1.405180 6.300970
18.690140 3.012813 7.145416
18.696840 6.725471 6.476149
18.703550 4.227438 -5.747932
18.710220 4.853897 -12.941938
18.724010 4.816579 -10.639330
18.730540 -1.573859 -2.970976
18.737170 -2.078884 6.567197
18.744050 -2.826519 9.281834
18.750570 0.626277 7.437876
18.757290 2.074046 -2.476854
18.766410 3.665592 -2.392433
18.777530 3.309754 -6.986519
18.784060 2.864878 -6.141279
18.790770 -3.217049 -5.788284
18.804170 -8.623962 -13.224419
18.818740 -7.287787 -16.109255
18.820960 -5.899076 -19.756094
18.830880 0.282220 -18.391375
18.844360 2.919911 -9.591071
18.851260 6.436642 0.113165
18.871140 3.001319 1.205552
18.877910 1.850430 5.765135
18.884550 -5.393690 0.146683
18.891370 -4.827981 -1.870856
18.897960 -3.465595 -0.666876
18.906970 -0.721612 -4.375853
18.938330 0.157010 -4.045774
18.954390 -3.838360 1.356909
18.964910 -7.918959 2.323950
18.971800 -9.426628 2.812222
18.985080 -5.270161 3.288643
18.991830 -0.695926 0.961771
19.012070 8.966377 1.809415
19.025440 10.293585 1.481966
19.034580 5.833136 1.545231
19.048710 -1.651321 1.078536
19.058880 -6.630882 -1.021627
19.065590 -4.369820 -4.485684
19.072080 -0.585447 -3.306059
19.085470 7.882552 1.010379
19.094280 9.208105 5.242147
19.105580 4.831643 5.985822
19.112460 -5.146914 6.469173
19.119000 -9.977142 2.787710
19.125730 -7.405056 -5.460527
19.132490 -4.124760 -7.616258
19.146600 0.215111 -4.087458
19.152600 5.626969 -0.063019
19.159370 6.120803 2.195901
19.165920 -0.029694 6.213094
19.179480 -2.060129 4.349236
19.187440 -4.232135 0.734755
19.194910 -3.653960 -7.910290
19.206040 -2.516244 -8.400702
19.213130 -0.512905 -6.210097
19.226250 -0.688012 -5.999991
19.239570 -0.454286 -4.709774
19.249260 -5.085654 0.196613
19.257000 -7.628299 2.377738
19.266400 -4.812458 1.933851
19.273230 -3.909799 3.455660
19.293310 -4.757853 5.374664
19.299820 1.048975 9.952810
19.306590 6.932554 4.377219
19.313400 13.011810 9.824489
19.328830 17.898068 18.528145
19.333510 19.008364 22.020464
19.339950 17.485111 22.914440
19.353550 13.903733 19.938794
19.362290 5.842556 13.243359
19.366640 -0.334542 4.402637
19.375670 0.618549 -1.045210
19.380230 -1.237329 -2.286384
19.387010 -0.303564 5.433400
19.400380 -1.467496 4.941818
19.407030 0.318310 0.142773
19.413900 0.086899 2.859208
19.422530 1.359256 1.552964
19.427110 2.458484 -1.481204
19.434230 4.189386 -5.147718
19.447400 5.948292 -4.617324
19.453960 2.743987 -2.312253
19.460580 -0.910420 -0.837008
19.473900 -3.712849 0.193108
19.477300 -5.389600 3.740720
19.487340 -6.317813 6.074274
19.494050 -4.216166 0.315932
19.500940 -2.164402 0.726827
19.507460 -0.209316 6.008065
19.515520 0.669690 9.708978
19.521080 1.314429 9.624103
19.527570 3.670932 6.141721
19.534430 3.401108 0.829303
19.547650 1.229313 -4.055230
19.554540 -0.461756 -7.762433
19.562170 -0.069052 -6.410477
19.567730 0.048117 -2.233291
19.576560 6.274882 -6.890197
19.582900 1.617462 -1.752107
19.587690 -10.683061 9.695965
19.594720 -24.966356 26.393114
19.601240 -32.427863 28.278820
19.608970 -31.354119 21.615700
19.614840 -22.988792 7.241928
19.621350 -9.297796 -8.300052
19.628100 3.065890 -20.161374
19.634710 10.990940 -21.386348
19.641430 4.339214 -6.100124
19.648150 -0.142215 5.544285
19.655930 -0.561570 12.213675
19.661510 2.473937 8.147098
19.668230 1.814538 8.691450
19.674900 1.488662 11.262656
19.690270 0.959577 7.353133
19.694850 0.630432 4.228300
19.708430 0.079335 -1.357891
19.715330 -1.555934 -4.790932
19.728680 0.197208 -3.750447
19.735190 1.847503 -2.900318
19.749670 0.952497 -1.826240
19.755290 -2.030919 -3.545574
19.768690 -1.179447 1.073303
19.775490 -0.863041 0.559087
19.788780 0.121352 2.386251
19.802290 1.468219 5.521945
19.809090 1.219836 10.279890
19.815570 0.621692 14.757860
19.822470 -2.195495 10.690688
19.829010 -3.345322 5.184145
19.835750 -2.511188 -0.804170
19.843840 -0.041223 -4.869095
19.855930 0.654011 -16.310944
19.862520 0.618374 -14.435175
19.869170 -0.131024 -9.246083
19.876040 0.116033 -5.664303
19.882570 1.339816 -0.973444
19.896130 -0.189568 -2.850013
19.909530 2.598886 0.398700
19.916120 5.246477 2.402768
19.929680 6.139179 5.684316
19.937520 5.230336 5.753310
19.949500 1.370584 5.689912
19.956360 1.898325 -3.148975
19.962990 3.507413 -8.372864
19.976560 2.722831 -12.159475
19.984180 0.612087 -16.319010
19.989810 -0.243532 -15.933761
19.996510 -3.622363 -16.874366
20.009840 -3.801443 -10.405634
20.018810 -1.593780 -3.549401
20.023090 0.926252 8.198054
20.030950 3.457643 17.434051
20.036690 4.715383 23.364899
20.043650 2.787532 21.851240
20.056910 -0.015794 11.974065
20.063440 -1.990989 6.403341
20.070100 -1.288503 -0.152727
20.078180 -0.113245 -5.891914
20.083530 -1.533644 -8.836048
20.090180 -3.602085 -10.117827
20.097130 -3.741827 -7.615467
20.103620 -0.617910 -1.772094
20.110320 -0.108480 3.773755
20.117090 1.631798 8.195900
20.147750 2.337817 9.060567
20.151360 2.076337 2.874929
20.157280 0.279593 0.425702
20.164090 -1.164004 -3.158686
20.171880 -3.034905 -11.311040
20.177450 -7.274988 -13.872048
20.184060 -4.542978 -17.345362
20.190680 -0.918121 -16.830710
20.197530 -0.230901 -11.639495
20.204120 -1.469383 -3.706231
20.210860 -4.047114 4.439591
20.224210 -3.427330 8.763275
20.232130 -1.964420 5.192653
20.237430 -1.566162 0.254618
20.251070 1.220999 -1.381979
20.257670 6.406057 -4.977536
20.271320 5.796380 -6.417562
20.277740 3.784534 -9.067849
20.284600 2.409125 -6.557024
20.291160 0.168888 -1.524554
20.297920 23.735721 16.781033
20.304750 2.426614 10.322370
20.318150 -36.295294 -6.948473
20.324470 -72.942893 -27.219662
20.331360 -94.047070 -45.076590
