0.000000 882.201600 421.375500
0.016490 840.806400 437.871000
0.033000 849.172800 460.204500
0.049380 849.508800 474.148500
0.065570 841.327200 488.292000
0.082020 841.528800 475.944000
0.098280 841.663200 477.823500
0.114780 834.338400 449.274000
0.131480 844.418400 465.580500
0.166660 851.508000 449.904000
0.187760 812.935200 472.311000
0.197190 812.649600 468.478500
0.213640 847.610400 458.881500
0.230010 821.839200 472.447500
0.246520 822.074400 476.007000
0.263230 837.732000 477.529500
0.279740 852.566400 515.245500
0.300140 852.684000 518.668500
0.312530 839.412000 498.099000
0.328490 818.932800 491.557500
0.344880 819.000000 493.552500
0.361660 888.787200 514.458000
0.378300 982.867200 405.762000
0.399960 982.413600 410.046000
0.410720 1124.188800 376.845000
0.427470 1113.033600 388.206000
0.443760 1114.646400 381.444000
0.460360 1118.846400 366.912000
0.476820 1137.830400 323.778000
0.493000 1141.123200 309.823500
0.510930 1126.188000 295.092000
0.525770 1155.571200 294.420000
0.542280 1158.914400 280.644000
0.558960 1154.865600 282.964500
0.575320 1109.220000 304.248000
0.591630 1108.212000 309.067500
0.608230 1138.653600 262.878000
0.624450 1182.367200 271.068000
0.640910 1181.712000 273.483000
0.657240 1126.944000 310.422000
0.673610 1137.460800 322.224000
0.690230 1136.520000 326.728500
0.706650 1142.635200 298.882500
0.733080 1154.395200 270.060000
0.739320 1153.269600 274.774500
0.755950 1134.050400 258.142500
0.775160 1153.588800 243.568500
0.788740 1151.740800 251.811000
0.805340 1138.149600 275.383500
0.821660 1139.157600 270.186000
0.842190 1140.232800 265.324500
0.854520 1143.660000 271.341000
0.870740 1152.076800 251.769000
0.887250 1153.202400 246.897000
0.903690 1173.648000 248.262000
0.920170 1180.687200 243.831000
0.952840 1075.082400 250.488000
0.969540 838.756800 283.741500
0.985930 838.874400 286.167000
1.002430 301.996800 281.620500
1.066300 273.134400 329.143500
1.070220 230.932800 312.354000
1.084380 232.394400 314.506500
1.100770 214.284000 319.063500
1.117140 282.424800 295.218000
1.133900 281.148000 292.981500
1.152240 279.518400 262.353000
1.169690 297.679200 256.683000
1.183200 296.520000 254.058000
1.199370 259.022400 253.144500
1.215740 282.777600 264.306000
1.248950 270.816000 283.395000
1.265150 265.944000 268.558500
1.281450 263.457600 263.728500
1.298020 269.640000 257.701500
1.314510 250.840800 259.675500
1.347440 277.300800 276.181500
1.363970 274.024800 272.842500
1.396420 258.955200 363.468000
1.412890 287.884800 434.038500
1.429380 290.220000 437.755500
1.445760 285.247200 852.988500
1.462400 279.048000 828.618000
1.478790 281.668800 830.539500
1.495160 226.884000 765.397500
1.511630 239.500800 779.614500
1.527860 243.784800 783.027000
1.544370 287.632800 855.834000
1.560730 243.264000 824.292000
1.577120 243.028800 824.019000
1.593950 286.171200 839.863500
1.610110 298.704000 815.293500
1.626770 297.091200 814.159500
1.642990 255.679200 748.419000
1.661380 297.948000 775.677000
1.675860 295.226400 773.325000
1.692430 298.216800 806.662500
1.715810 519.943200 743.956500
1.725010 520.329600 744.534000
1.741500 611.268000 702.124500
1.757870 549.662400 651.577500
1.774250 548.268000 648.826500
1.790740 521.824800 643.513500
1.807130 534.962400 685.702500
1.823560 533.517600 683.130000
1.840000 546.772800 731.619000
1.856510 529.015200 627.144000
1.872880 528.091200 625.359000
1.889370 537.784800 301.318500
1.905750 575.920800 208.593000
1.922320 577.533600 215.754000
1.938690 518.599200 223.587000
1.955000 536.508000 230.790000
1.988490 538.406400 259.297500
2.004710 543.396000 258.804000
2.020840 543.513600 259.245000
2.043560 547.764000 195.741000
2.053770 540.724800 200.077500
2.069850 540.052800 196.927500
2.135910 1377.700800 207.102000
2.185040 1416.391200 56.007000
2.300200 1432.922400 39.291000
2.316450 1400.246400 128.257500
2.333040 1316.061600 191.278500
2.349550 1323.268800 222.243000
2.370180 1317.758400 237.615000
2.431470 1361.942400 652.911000
2.447850 1317.086400 655.798500
2.464680 1320.211200 651.136500
2.481450 1337.800800 630.777000
2.497390 1362.446400 651.199500
2.513790 1367.856000 643.849500
2.530170 1331.719200 626.136000
2.546590 1319.690400 632.824500
2.589750 1335.818400 621.747000
2.598740 1346.150400 610.701000
2.612460 1342.807200 615.709500
2.628950 1107.657600 586.225500
2.678020 416.119200 559.314000
2.700320 397.941600 549.276000
2.711010 393.724800 543.291000
2.727100 413.952000 592.053000
2.743590 397.051200 543.795000
2.760310 396.933600 543.595500
2.776600 443.217600 584.293500
2.793000 552.972000 737.772000
2.809200 568.444800 763.665000
2.825740 502.807200 715.249500
2.842120 493.936800 725.298000
2.858580 492.256800 722.851500
2.876190 634.468800 600.852000
2.891720 1606.214400 774.280500
2.916950 1609.423200 772.149000
2.924180 1308.854400 424.368000
2.940750 1334.760000 434.889000
2.957120 1335.600000 433.156500
2.973620 1370.107200 448.602000
2.990160 1307.930400 447.762000
3.006670 1306.956000 449.746500
3.028320 1336.792800 402.654000
3.039400 1313.071200 425.491500
3.071950 1307.191200 415.128000
3.088930 1312.264800 440.706000
3.105130 1316.095200 432.463500
3.121520 1327.183200 448.770000
3.137820 1351.072800 538.818000
3.154270 1353.240000 535.132500
3.170870 1361.774400 621.516000
3.187260 1427.025600 606.805500
3.204610 1429.528800 603.540000
3.220090 1467.379200 637.119000
3.244810 1484.246400 617.284500
3.252790 1482.952800 618.765000
3.269240 1448.294400 594.531000
3.286090 1416.744000 646.758000
3.302250 1413.148800 651.178500
3.318950 1354.264800 646.905000
3.335300 1388.066400 626.062500
3.354710 1384.824000 630.546000
3.368000 1360.548000 475.408500
3.384090 1245.854400 348.789000
3.400760 1245.988800 348.642000
3.416960 1313.676000 184.306500
3.433470 1299.933600 175.266000
3.450130 1298.253600 180.526500
3.466600 1317.674400 234.412500
3.483020 1329.585600 229.330500
3.499080 1327.300800 235.546500
3.515590 1289.836800 212.667000
3.532470 1280.563200 217.297500
3.548950 1279.908000 219.481500
3.572070 1289.517600 221.130000
3.581620 1256.942400 223.954500
3.597850 1256.220000 226.296000
3.614290 1284.948000 221.529000
3.630720 1340.270400 272.706000
3.647090 1339.430400 274.848000
3.663590 1329.820800 220.342500
3.682040 1314.398400 251.937000
3.696620 1317.825600 242.487000
3.712830 1328.426400 199.279500
3.729200 1321.000800 198.691500
3.746050 1322.798400 193.473000
3.762420 1327.032000 193.168500
3.778960 1317.237600 197.106000
3.794910 1320.782400 186.690000
3.811420 1323.890400 199.762500
3.827850 1318.632000 184.275000
3.844220 1317.792000 186.795000
3.860840 1360.732800 270.963000
3.877410 1393.627200 361.557000
3.899670 1390.569600 367.899000
3.910140 1356.028800 600.747000
3.926330 1323.940800 587.895000
3.942720 1320.849600 593.103000
3.959580 1313.659200 598.962000
3.976040 1328.997600 572.943000
3.992140 1330.039200 571.263000
4.008530 1328.006400 579.516000
4.024950 1306.636800 590.646000
4.041790 1305.628800 592.305000
4.058170 1350.451200 605.797500
4.074570 1341.009600 644.605500
4.090990 1344.336000 639.733500
4.107360 1314.196800 639.418500
4.123400 1300.908000 559.366500
4.139770 1299.967200 561.120000
4.156340 1320.564000 575.463000
4.172850 1312.584000 549.528000
4.189330 1315.288800 544.603500
4.206070 1330.442400 584.860500
4.227050 1141.526400 505.081500
4.238850 1140.300000 509.029500
4.254970 645.523200 262.542000
4.271330 542.690400 163.212000
4.288190 542.606400 162.865500
4.306500 481.992000 174.846000
4.320770 488.527200 131.113500
4.337680 489.921600 136.290000
4.353760 497.028000 149.719500
4.370150 503.966400 177.838500
4.403090 500.606400 184.873500
4.419480 500.992800 165.301500
4.445660 500.236800 163.054500
4.451900 475.927200 161.133000
4.468540 479.640000 157.773000
4.484770 479.740800 158.130000
4.501340 493.500000 176.011500
4.517940 486.998400 175.560000
4.534530 487.855200 178.143000
4.553270 463.512000 199.006500
4.567260 411.835200 382.347000
4.583590 410.877600 380.299500
4.599960 389.995200 637.896000
4.616650 418.605600 683.823000
4.633180 417.580800 682.342500
4.649250 440.260800 653.761500
4.665680 471.626400 691.677000
4.698810 457.581600 661.573500
4.715240 454.591200 688.170000
4.731490 452.676000 685.429500
4.747830 465.561600 663.316500
4.773540 452.340000 678.268500
4.780720 453.280800 679.738500
4.796890 468.636000 707.679000
4.813580 455.952000 709.621500
4.829960 458.824800 713.422500
4.846650 422.100000 678.909000
4.863160 465.292800 658.413000
4.895830 485.822400 734.401500
4.911930 415.917600 674.730000
4.928450 411.499200 668.797500
4.945280 464.217600 658.255500
4.961690 442.411200 649.939500
4.978010 438.513600 644.112000
4.995210 344.484000 731.640000
5.010880 304.348800 802.368000
5.027310 307.759200 805.465500
5.043960 328.540800 818.926500
5.060130 239.988000 847.749000
5.076720 246.187200 851.781000
5.098510 262.886400 840.535500
5.109390 243.852000 816.459000
5.125520 250.168800 820.953000
5.142270 305.776800 820.722000
5.158580 263.373600 829.500000
5.191330 287.901600 847.381500
5.210160 292.101600 821.866500
5.224370 294.756000 823.893000
5.240710 304.432800 827.253000
5.257080 308.901600 811.692000
5.273570 311.522400 813.792000
5.289950 271.958400 799.302000
5.306340 507.712800 837.375000
5.339400 1037.517600 717.412500
5.359240 1061.844000 773.346000
5.379070 1062.448800 771.897000
5.388900 1042.960800 742.035000
5.405200 1049.731200 725.781000
5.428280 1050.520800 723.114000
5.437960 1024.396800 698.082000
5.454190 1030.276800 758.331000
5.470700 1030.579200 757.207500
5.487440 1062.045600 746.980500
5.503710 1091.496000 720.573000
5.520280 1093.058400 716.331000
5.537400 1113.840000 749.616000
5.552990 1097.762400 737.026500
5.569370 1098.148800 736.029000
5.586030 1154.865600 722.011500
5.602260 1128.909600 767.760000
5.618760 1130.522400 764.347500
5.635130 1158.679200 713.433000
5.651400 1148.649600 726.547500
5.667630 1146.986400 730.159500
5.684680 1133.563200 559.765500
5.701030 1171.111200 362.901000
5.717440 1173.026400 355.950000
5.733600 1168.238400 285.390000
5.759580 1174.504800 283.521000
5.766600 1175.815200 278.428500
5.783020 1169.296800 297.559500
5.799390 1161.636000 279.090000
5.815990 1160.325600 284.466000
5.832350 1132.353600 313.719000
5.848620 1157.671200 310.275000
5.865400 1158.914400 305.319000
5.881500 1005.261600 280.245000
5.897990 776.311200 276.549000
5.914340 777.100800 286.041000
5.930880 268.497600 307.041000
5.947390 255.729600 275.499000
5.974530 256.905600 278.029500
5.980000 255.108000 296.320500
5.996370 263.424000 327.190500
6.012620 270.009600 338.772000
6.029250 264.129600 358.669500
6.046050 248.186400 333.375000
6.084950 264.616800 334.645500
6.095090 287.481600 336.966000
6.111190 282.609600 327.957000
6.127690 256.435200 331.107000
6.144320 259.795200 321.384000
6.161060 261.038400 323.778000
6.177140 255.830400 464.887500
6.193420 183.388800 654.360000
6.210130 185.035200 655.777500
6.226490 281.467200 832.671000
6.243000 331.195200 863.667000
6.259380 332.421600 864.643500
6.275960 244.372800 819.126000
6.302540 243.129600 804.289500
6.308460 238.778400 800.961000
6.324940 250.656000 816.123000
6.341310 222.398400 825.153000
6.358110 223.809600 826.329000
6.374370 279.871200 833.322000
6.394880 280.996800 831.988500
6.423610 256.720800 806.841000
6.439940 278.544000 814.884000
6.456310 281.416800 817.057500
6.472980 294.235200 820.879500
6.489500 287.733600 808.521000
6.505860 283.634400 805.234500
6.522030 278.980800 788.361000
6.538330 264.012000 836.829000
6.554950 261.105600 834.802500
6.571560 279.686400 795.007500
6.587970 266.364000 816.826500
6.604350 264.868800 815.944500
6.636930 320.342400 820.942500
6.642840 226.144800 786.817500
6.653310 232.008000 791.175000
6.669820 317.133600 833.395500
6.686190 303.676800 825.352500
6.702680 309.036000 829.447500
6.719360 318.343200 838.131000
6.738890 247.363200 841.407000
6.752060 248.808000 842.289000
6.768430 284.390400 815.020500
6.784940 345.592800 832.807500
6.801320 340.536000 828.702000
6.817810 453.549600 744.870000
6.834180 480.144000 688.611000
6.850680 476.582400 683.193000
6.867070 520.447200 711.459000
6.883480 466.149600 699.310500
6.916350 547.562400 705.295500
6.932850 498.876000 706.692000
6.965820 487.048800 693.987000
6.982060 490.442400 686.742000
6.998370 492.105600 689.325000
7.014940 514.768800 750.382500
7.031310 516.566400 721.486500
7.048140 515.810400 720.468000
