0.000000 881.680800 476.721000
0.016430 881.664000 478.506000
0.032970 887.241600 474.495000
0.063510 871.248000 462.199500
0.066760 871.214400 458.283000
0.081890 885.796800 428.704500
0.098220 874.507200 448.665000
0.114780 874.490400 446.775000
0.131110 853.053600 432.295500
0.147610 851.407200 463.522500
0.163860 851.508000 467.386500
0.180370 839.328000 449.893500
0.199150 867.972000 464.068500
0.213620 868.005600 466.074000
0.229790 872.608800 472.006500
0.246700 880.387200 454.240500
0.279380 840.991200 455.836500
0.295760 815.589600 425.134500
0.312030 815.421600 423.223500
0.328670 828.021600 455.490000
0.345120 835.161600 458.073000
0.361340 835.346400 461.958000
0.377640 801.343200 442.323000
0.394460 823.015200 434.112000
0.421470 823.250400 438.165000
0.427120 823.300800 329.490000
0.443470 713.059200 334.341000
0.459960 713.378400 336.262500
0.526920 332.085600 295.375500
0.542250 327.952800 298.473000
0.558460 330.103200 302.967000
0.574840 358.478400 284.949000
0.591510 364.156800 266.710500
0.608030 364.291200 267.036000
0.624380 378.268800 283.888500
0.644590 351.439200 287.584500
0.657140 350.380800 285.012000
0.673370 307.473600 288.802500
0.690280 298.872000 299.680500
0.706630 297.561600 297.381000
0.725010 334.521600 270.994500
0.746160 307.406400 271.173000
0.755590 309.624000 275.803500
0.772030 315.403200 321.468000
0.788460 319.788000 289.926000
0.804970 324.408000 299.512500
0.821660 330.556800 323.158500
0.837970 334.639200 314.737500
0.870810 288.825600 314.884500
0.887120 321.165600 328.828500
0.903500 318.880800 324.313500
0.920300 342.921600 296.131500
0.936720 320.174400 301.266000
0.970280 320.241600 309.949500
0.985580 277.435200 315.640500
1.018390 298.502400 341.985000
1.034970 293.328000 346.447500
1.051590 295.730400 350.857500
1.073170 387.156000 350.406000
1.084240 685.356000 339.349500
1.100780 683.323200 327.211500
1.117110 1139.040000 304.584000
1.133510 1173.967200 258.709500
1.150070 1176.336000 249.133500
1.166610 1176.235200 210.966000
1.182670 1170.741600 223.891500
1.199390 1172.472000 216.730500
1.215770 1173.362400 188.517000
1.232090 1183.224000 196.633500
1.248680 1181.258400 204.739500
1.265210 1195.572000 227.629500
1.291790 1178.940000 252.892500
1.314190 1202.040000 268.558500
1.332860 1171.749600 274.428000
1.347370 1172.404800 272.034000
1.363730 938.212800 229.572000
1.380260 694.848000 188.601000
1.399280 695.251200 191.152500
1.412720 496.809600 202.933500
1.429230 492.559200 207.816000
1.462360 494.088000 192.811500
1.478620 499.884000 195.709500
1.495230 500.455200 198.040500
1.511280 490.610400 218.452500
1.527740 473.508000 216.352500
1.544200 475.137600 221.539500
1.560570 503.160000 213.937500
1.577220 520.850400 217.717500
1.593740 522.312000 222.978000
1.619830 688.228800 278.113500
1.626280 1046.488800 227.461500
1.642650 1047.160800 222.610500
1.659210 1384.773600 264.978000
1.692070 1383.866400 291.868500
1.708450 1374.441600 292.036500
1.724780 1393.173600 275.331000
1.741340 1394.248800 272.832000
1.757710 1337.095200 252.126000
1.774220 1345.478400 243.285000
1.790580 1347.595200 237.762000
1.807240 1393.694400 215.880000
1.823730 1379.448000 214.767000
1.839710 1379.313600 215.103000
1.856610 1401.052800 232.974000
1.872610 1394.752800 215.806500
1.889320 1397.037600 210.231000
1.905940 1238.210400 265.114500
1.922100 933.172800 438.553500
1.944130 932.920800 442.900500
1.955060 437.404800 679.308000
1.971370 456.237600 665.679000
1.987850 455.296800 664.209000
2.011100 457.497600 658.497000
2.020610 487.418400 657.804000
2.037120 488.359200 659.515500
2.053360 439.723200 603.666000
2.069860 484.226400 647.115000
2.086360 485.032800 648.259500
2.102730 496.927200 642.505500
2.119230 502.840800 700.161000
2.135600 505.260000 704.014500
2.152110 519.069600 705.600000
2.168530 518.464800 692.412000
2.184970 520.060800 695.047500
2.201350 935.188800 700.854000
2.217700 1250.944800 704.203500
2.234550 1251.717600 702.954000
2.254810 1293.902400 701.263500
2.272240 1268.719200 709.957500
2.283430 1269.609600 708.645000
2.299800 1327.015200 718.567500
2.316640 1357.020000 728.910000
2.333050 1362.564000 722.253000
2.349510 1321.068000 704.875500
2.365940 1338.640800 694.795500
2.385520 1339.850400 693.399000
2.398590 1312.785600 680.757000
2.414810 1344.336000 676.305000
2.431180 1346.251200 673.743000
2.447560 1308.333600 705.138000
2.464130 1291.752000 729.456000
2.480850 1287.904800 734.685000
2.497330 1313.239200 718.641000
2.521100 1345.696800 718.567500
2.529850 1342.370400 722.589000
2.546270 1146.684000 520.737000
2.562740 880.370400 370.030500
2.579350 880.303200 367.972500
2.602260 575.265600 212.257500
2.612220 543.799200 143.629500
2.628810 545.042400 148.858500
2.644940 527.721600 168.945000
2.661640 527.856000 158.623500
2.678030 527.956800 158.991000
2.694370 540.254400 187.551000
2.710640 587.697600 200.455500
2.743450 590.268000 218.799000
2.759810 569.385600 225.582000
2.776640 568.192800 220.699500
2.792850 529.552800 223.471500
2.809280 539.683200 225.603000
2.842010 562.010400 213.948000
2.858470 575.248800 204.361500
2.874770 574.644000 201.516000
2.893390 569.368800 172.945500
2.907730 517.389600 187.362000
2.926360 516.700800 184.758000
2.940590 547.495200 149.121000
2.957100 568.344000 144.154500
2.990140 1127.162400 188.527500
3.006470 1291.836000 246.361500
3.022810 1289.366400 253.669500
3.039260 1378.641600 257.869500
3.055900 1395.088800 255.559500
3.072070 1394.148000 257.680500
3.088420 1327.855200 260.904000
3.105030 1343.479200 260.473500
3.121460 1341.631200 265.188000
3.150280 1350.283200 262.164000
3.156280 1334.877600 264.096000
3.170570 1332.928800 269.178000
3.187080 1320.076800 274.428000
3.203450 1318.480800 275.814000
3.219830 1320.278400 271.057500
3.236340 977.877600 269.377500
3.257640 711.816000 229.194000
3.269300 711.177600 224.269500
3.285420 506.604000 252.567000
3.301930 492.811200 242.392500
3.318410 491.316000 237.594000
3.334790 512.282400 230.622000
3.351650 513.794400 221.592000
3.367650 511.492800 213.171000
3.384220 551.392800 195.226500
3.400780 531.316800 190.627500
3.416950 528.494400 179.739000
3.433850 550.788000 152.197500
3.450140 537.163200 117.012000
3.475650 534.542400 105.714000
3.482620 551.426400 137.014500
3.499350 521.018400 139.524000
3.515730 524.311200 152.806500
3.531910 507.813600 202.786500
3.548610 513.172800 189.346500
3.564990 516.818400 202.450500
3.582990 509.124000 214.756500
3.597820 523.723200 243.369000
3.614180 529.435200 263.350500
3.630550 540.103200 271.257000
3.647260 538.020000 269.598000
3.663580 537.213600 266.994000
3.679790 501.816000 275.940000
3.696280 502.168800 273.052500
3.712730 502.269600 273.399000
3.729190 512.988000 257.995500
3.745510 497.431200 267.613500
3.761840 496.742400 265.461000
3.778560 495.835200 263.928000
3.803000 490.879200 267.414000
3.811260 491.618400 269.566500
3.827680 527.066400 277.273500
3.844180 501.597600 285.295500
3.876920 534.189600 270.574500
3.893420 513.206400 274.743000
3.918820 511.089600 267.687000
3.926640 477.523200 480.060000
3.942730 512.097600 680.253000
3.959220 511.207200 678.877500
3.975880 491.584800 697.567500
3.992290 469.576800 689.923500
4.008430 466.888800 685.723500
4.024830 489.501600 683.875500
4.041660 513.576000 749.227500
4.057690 512.652000 748.251000
4.074180 457.968000 722.725500
4.091170 444.376800 681.975000
4.130630 463.696800 709.999500
4.139830 466.317600 713.821500
4.156140 468.232800 716.467500
4.172630 465.494400 753.144000
4.189400 490.912800 746.193000
4.205780 490.039200 744.933000
4.222160 476.212800 711.595500
4.240490 475.171200 701.746500
4.254980 473.323200 699.037500
4.271170 704.776800 710.451000
4.287540 1095.544800 684.474000
4.304410 1095.612000 684.295500
4.320900 1360.699200 658.780500
4.337280 1343.848800 688.306500
4.362300 1340.757600 692.338500
4.369770 1310.332800 709.831500
4.386490 1357.087200 704.340000
4.402860 1352.836800 709.590000
4.419800 1328.090400 711.658500
4.437810 1368.763200 699.237000
4.458130 1366.461600 702.040500
4.468700 1355.222400 705.841500
4.484660 1372.946400 678.951000
4.501300 1375.130400 676.200000
4.517990 1373.904000 707.122500
4.534210 1328.157600 727.954500
4.550770 1330.140000 725.487000
4.566860 1351.576800 681.618000
4.583570 1327.502400 703.038000
4.600150 1331.702400 697.494000
4.616440 1353.391200 553.843500
4.632840 1396.180800 350.605500
4.649410 1394.148000 354.763500
4.675720 1345.814400 192.381000
4.681720 1356.902400 178.542000
4.698360 1361.018400 166.803000
4.714950 1381.632000 155.505000
4.731620 1368.914400 124.918500
4.747800 1368.040800 127.281000
4.766410 1389.796800 141.025500
4.785880 1379.532000 167.443500
4.797170 1381.497600 162.214500
4.813420 1366.747200 152.071500
4.829780 1342.068000 166.813500
4.846660 1338.960000 175.633500
4.863040 1327.838400 186.459000
4.879070 1363.202400 188.664000
4.895500 1365.201600 183.298500
4.912070 1358.380800 169.764000
4.928700 1354.147200 174.268500
4.944960 1354.012800 174.604500
4.961510 1352.702400 172.147500
4.977790 1285.149600 153.289500
5.003990 1282.713600 161.490000
5.010360 724.382400 217.161000
5.026870 476.229600 176.589000
5.043600 476.380800 177.082500
5.059970 422.150400 242.161500
5.076480 401.570400 182.238000
5.092840 400.528800 179.749500
5.111240 394.329600 193.599000
5.125720 432.650400 208.015500
5.141910 432.768000 208.362000
5.158420 427.207200 210.693000
5.175140 413.498400 208.803000
5.191610 415.363200 214.021500
5.207820 412.372800 241.353000
5.224010 404.292000 242.886000
5.256950 425.191200 243.757500
5.273670 427.341600 218.232000
5.289940 429.072000 223.114500
5.308060 429.979200 242.035500
5.331630 430.130400 255.570000
5.339000 431.894400 260.347500
5.355430 420.352800 246.708000
5.372070 427.980000 260.851500
5.388370 429.777600 265.671000
5.404750 408.441600 290.881500
5.421460 435.388800 265.765500
5.441120 431.541600 255.307500
5.454290 428.853600 214.588500
5.470540 425.040000 233.793000
5.486920 423.292800 228.952500
5.503730 429.676800 228.144000
5.519940 413.532000 220.206000
5.536480 410.894400 212.688000
5.552650 449.248800 224.080500
5.569240 416.724000 240.166500
5.586040 416.892000 240.628500
5.602270 378.016800 235.599000
5.618770 329.179200 250.026000
5.636440 330.136800 252.283500
5.659360 328.776000 224.752500
5.667790 351.187200 280.318500
5.684040 354.261600 287.301000
5.700710 363.552000 298.011000
5.717090 372.321600 297.328500
5.749960 364.946400 288.561000
5.768890 368.642400 271.635000
5.782840 364.576800 262.132500
5.798900 365.215200 240.460500
5.815410 367.332000 218.032500
5.848760 351.456000 230.748000
5.864820 314.613600 260.452500
5.897810 325.231200 307.083000
5.914030 327.684000 278.260500
5.930890 329.784000 282.754500
5.949070 314.378400 301.528500
5.965640 295.226400 300.447000
5.986740 294.151200 298.462500
5.996440 292.420800 305.193000
6.012470 266.397600 291.364500
6.029030 272.395200 302.883000
6.045860 275.520000 323.337000
6.062230 281.971200 322.927500
6.078740 285.717600 329.679000
6.096480 315.033600 361.830000
6.111450 313.068000 373.653000
6.127660 315.436800 377.989500
6.144020 284.928000 378.651000
6.160870 282.962400 367.153500
6.177280 278.157600 358.732500
6.193790 300.669600 372.057000
6.211090 339.175200 297.349500
6.226400 338.116800 294.829500
6.242680 330.842400 322.843500
6.258970 319.267200 314.170500
6.275540 314.680800 304.930500
6.291900 315.084000 303.786000
6.310070 281.920800 337.081500
6.324970 279.417600 332.524500
6.341290 280.677600 314.548500
6.357670 283.651200 305.886000
6.374050 281.383200 301.560000
6.390750 281.148000 297.706500
6.407110 291.412800 293.590500
6.423340 293.630400 297.948000
6.439800 280.728000 336.630000
6.456180 295.696800 340.620000
6.472660 299.056800 347.214000
6.489360 297.444000 328.702500
6.505970 248.824800 332.398500
6.532720 251.512800 337.060500
6.538190 255.360000 343.969500
6.554770 274.948800 348.085500
6.571140 275.116800 348.390000
6.587810 259.660800 361.105500
6.604060 275.301600 358.869000
6.640080 294.655200 443.047500
6.653440 259.022400 618.597000
6.669820 261.710400 621.610500
6.686180 331.480800 827.704500
6.702690 349.725600 825.898500
6.719070 348.549600 824.869500
6.735760 315.436800 812.563500
6.751850 348.885600 850.678500
6.768440 345.055200 847.938000
6.784810 275.856000 813.687000
6.801300 302.618400 839.863500
6.817700 300.064800 837.963000
6.833980 319.989600 845.082000
6.861480 323.769600 850.258500
6.866710 327.432000 853.030500
6.883190 485.469600 819.199500
6.899800 696.024000 747.358500
6.916180 696.494400 748.545000
6.932880 1210.272000 702.597000
6.949260 1235.371200 758.110500
6.969990 1234.800000 759.129000
6.982200 1120.324800 749.301000
6.998410 1146.868800 701.484000
7.014770 1147.272000 700.329000
7.031490 1202.661600 736.533000
7.048000 1162.694400 776.328000
7.064380 1161.451200 778.554000
7.080650 1214.102400 754.855500
7.097080 1162.711200 753.889500
