0.000000 1028.485120 863.631360
0.006350 1029.550080 839.608320
0.012890 1029.488640 838.533120
0.019600 1043.947520 807.674880
0.026560 1060.208640 826.583040
0.039600 1089.331200 822.220800
0.048980 1019.924480 825.338880
0.053000 1020.436480 829.363200
0.059790 1030.287360 833.387520
0.070930 1052.119040 844.646400
0.081310 1087.897600 867.194880
0.086430 1044.131840 885.626880
0.099810 1016.565760 911.431680
0.106520 1042.145280 898.682880
0.120060 1051.668480 822.743040
0.126930 1060.003840 866.519040
0.133480 1059.983360 865.551360
0.140230 1055.662080 874.045440
0.146980 1046.056960 837.427200
0.153560 1045.729280 834.447360
0.160260 1026.437120 885.181440
0.166980 1004.892160 866.657280
0.180350 1054.310400 856.427520
0.188140 1071.083520 849.500160
0.193920 1071.104000 850.483200
0.207140 1069.404160 834.677760
0.213960 1069.670400 838.717440
0.220520 1047.142400 842.864640
0.227240 1022.955520 864.798720
0.234100 1022.484480 861.158400
0.240620 1067.335680 880.727040
0.247340 1066.352640 886.609920
0.260690 1065.431040 892.185600
0.274170 1060.433920 893.660160
0.280810 1071.472640 879.114240
0.287720 1049.702400 882.508800
0.296150 1050.009600 885.104640
0.301890 1076.367360 902.016000
0.307900 1034.260480 867.379200
0.314380 1034.301440 868.316160
0.321080 1041.223680 890.711040
0.328000 1038.704640 790.225920
0.334480 1038.295040 787.061760
0.347870 982.097920 512.593920
0.354470 981.995520 509.829120
0.361370 1033.523200 477.096960
0.368080 981.544960 497.203200
0.375380 981.667840 498.554880
0.381370 991.293440 510.627840
0.388260 994.037760 522.792960
0.403860 980.152320 531.179520
0.410390 1001.902080 520.965120
0.414640 1001.349120 515.773440
0.421600 1010.524160 499.368960
0.428430 1043.968000 487.971840
0.441650 996.352000 508.815360
0.448560 1030.144000 495.482880
0.461760 987.586560 465.285120
0.468820 1039.831040 475.944960
0.481960 996.331520 474.378240
0.488530 1037.332480 479.692800
0.495240 1036.922880 475.484160
0.502100 992.092160 471.813120
0.508630 1038.561280 496.005120
0.516300 1038.151680 490.444800
0.522130 995.819520 480.906240
0.535420 1031.659520 466.206720
0.542260 945.766400 401.909760
0.548820 966.778880 424.934400
0.555420 967.516160 430.786560
0.562310 1003.827200 419.374080
0.568900 978.575360 411.448320
0.575550 979.271680 417.438720
0.582380 993.361920 481.336320
0.589110 1025.904640 478.817280
0.595700 1026.293760 482.826240
0.602570 982.896640 487.971840
0.609100 970.588160 489.707520
0.623720 1015.234560 468.618240
0.629890 1023.037440 464.501760
0.642660 969.420800 468.264960
0.649170 960.450560 471.705600
0.662610 992.419840 461.890560
0.669480 1011.630080 472.673280
0.676000 1012.039680 476.697600
0.682750 1013.022720 452.981760
0.689410 1020.702720 457.973760
0.696310 1020.272640 454.963200
0.709500 966.287360 459.371520
0.716410 966.123520 457.927680
0.722900 986.890240 457.236480
0.732560 979.148800 445.685760
0.737470 978.493440 440.232960
0.742850 1016.442880 458.188800
0.749840 1013.207040 460.369920
0.756380 1013.739520 466.129920
0.763140 1010.954240 480.998400
0.769770 1013.923840 481.658880
0.783190 1023.119360 481.720320
0.789900 1016.422400 461.168640
0.803270 999.731200 437.667840
0.810050 1003.294720 445.870080
0.823220 992.911360 454.379520
0.830060 994.222080 451.814400
0.852850 978.513920 460.999680
0.863560 972.021760 454.456320
0.870240 988.385280 451.491840
0.884180 977.346560 456.207360
0.890350 976.465920 467.481600
0.903740 1015.009280 480.814080
0.910450 1002.741760 477.219840
0.930490 996.618240 481.582080
0.944110 975.994880 470.154240
0.957280 991.457280 479.216640
0.964140 1025.310720 457.973760
0.970750 998.666240 449.786880
0.984130 997.519360 438.528000
0.990950 973.721600 419.527680
1.004210 987.422720 462.105600
1.011030 1004.728320 459.479040
1.025560 978.513920 412.815360
1.031010 967.884800 417.192960
1.044410 998.236160 420.894720
1.051100 976.793600 396.579840
1.064880 974.704640 448.957440
1.073700 979.496960 430.479360
1.078390 978.944000 426.040320
1.084640 972.759040 428.436480
1.091480 992.706560 420.326400
1.097990 992.092160 414.412800
1.104690 985.743360 395.581440
1.111560 977.858560 386.319360
1.118200 977.182720 380.313600
1.124780 972.636160 373.217280
1.131620 972.349440 368.394240
1.138170 972.902400 372.894720
1.144930 976.343040 405.841920
1.151570 985.681920 413.045760
1.168340 973.045760 414.643200
1.172690 964.280320 409.036800
1.179750 964.444160 410.511360
1.185270 972.800000 432.368640
1.191770 960.634880 401.049600
1.198420 959.856640 395.028480
1.212410 953.405440 373.463040
1.218550 953.221120 371.942400
1.225420 951.971840 415.395840
1.231980 945.827840 424.074240
1.238640 946.647040 429.926400
1.245480 972.410880 400.926720
1.261170 1000.693760 402.616320
1.265610 1017.016320 431.831040
1.272130 994.140160 413.214720
1.285710 1007.882240 420.049920
1.292230 1015.992320 446.300160
1.306010 1023.324160 422.415360
1.312240 987.115520 394.460160
1.325880 1004.974080 419.727360
1.332440 1011.425280 426.654720
1.345980 990.904320 445.716480
1.353650 984.514560 410.065920
1.366090 971.141120 419.850240
1.379310 974.315520 399.605760
1.388440 1000.488960 453.089280
1.394920 997.191680 418.298880
1.399510 996.720640 413.813760
1.406270 1031.536640 423.552000
1.412810 975.360000 416.947200
1.419490 975.278080 415.426560
1.432830 1015.275520 381.020160
1.447810 972.431360 436.346880
1.459710 995.225600 446.392320
1.466390 1019.494400 417.192960
1.473300 996.392960 417.730560
1.479790 996.290560 416.240640
1.486470 989.081600 398.484480
1.496660 1002.864640 378.577920
1.506450 1025.904640 394.598400
1.513280 967.659520 398.208000
1.520070 968.396800 404.259840
1.526690 1032.232960 367.948800
1.533480 1050.275840 377.594880
1.546760 1055.272960 407.531520
1.553460 1064.857600 396.426240
1.566860 1073.786880 422.000640
1.573580 1050.316800 424.673280
1.587030 1037.783040 406.517760
1.593660 1041.203200 363.847680
1.613690 1034.772480 386.933760
1.620670 1034.383360 382.341120
1.627170 1049.149440 357.734400
1.634540 1025.044480 361.297920
1.640680 1024.573440 355.107840
1.647240 1039.400960 371.727360
1.653940 1043.845120 409.958400
1.660780 1043.763200 408.453120
1.667320 1054.760960 399.482880
1.682790 1042.268160 408.007680
1.687630 1025.105920 407.178240
1.694110 1038.745600 409.006080
1.707700 1064.652800 384.614400
1.715850 1054.924800 359.639040
1.722280 1054.945280 358.087680
1.730580 1045.258240 403.046400
1.734320 1068.032000 393.891840
1.741110 1067.765760 389.360640
1.754410 1039.237120 389.283840
1.767970 1037.885440 414.750720
1.777560 1024.512000 408.161280
1.781240 1024.471040 406.717440
1.788110 1041.059840 387.072000
1.794600 1057.484800 382.878720
1.801300 1057.812480 388.899840
1.808120 1064.407040 395.504640
1.814680 1068.605440 395.950080
1.832660 1068.871680 402.001920
1.834940 1043.456000 379.192320
1.837190 1026.416640 389.222400
1.848340 1024.942080 395.857920
1.861700 1041.244160 429.020160
1.870560 1043.722240 428.190720
1.874970 1054.986240 400.143360
1.881860 1054.904320 398.592000
1.895070 1044.398080 407.485440
1.908470 1019.432960 379.115520
1.917600 1036.615680 376.657920
1.922080 1037.045760 382.817280
1.928560 1030.103040 370.498560
1.941890 1035.345920 437.713920
1.948890 1029.775360 392.954880
1.955360 1040.650240 420.695040
1.969000 1041.285120 434.242560
1.975440 1043.066880 428.421120
1.988870 1044.582400 433.689600
1.995750 1042.472960 406.133760
2.011460 1046.036480 401.356800
2.015690 1049.722880 399.175680
2.035720 1025.269760 392.355840
2.049310 1045.381120 431.815680
2.058310 1043.394560 420.387840
2.069370 1050.746880 444.180480
2.082610 1041.858560 438.896640
2.089310 1040.855040 409.927680
2.096180 1045.524480 461.598720
2.109420 1049.272320 443.366400
2.116230 1050.132480 454.272000
2.129500 1048.473600 453.519360
2.136410 1052.897280 463.841280
2.159210 1063.505920 441.461760
2.161070 1049.640960 450.293760
2.169910 1049.251840 446.515200
2.176400 1047.982080 427.453440
2.189930 1046.077440 410.803200
2.199460 1045.422080 407.976960
2.210100 1037.516800 411.248640
2.216530 1038.561280 420.341760
2.230070 1024.757760 406.886400
2.236690 1026.150400 427.284480
2.259750 1015.767040 431.063040
2.270150 1043.599360 437.452800
2.276850 1028.587520 444.257280
2.291300 1029.263360 455.869440
2.297060 1025.269760 473.533440
2.303580 1024.901120 469.248000
2.310360 1022.423040 450.063360
2.317050 1053.347840 406.149120
2.323720 1053.306880 404.613120
2.330590 1032.110080 430.632960
2.339070 1028.014080 425.088000
2.351210 1002.536960 408.422400
2.364110 1057.423360 590.638080
2.371080 1023.139840 846.320640
2.377710 1025.515520 921.553920
2.385250 1025.064960 918.850560
2.390740 898.600960 1034.388480
2.397480 922.787840 1046.323200
2.404330 922.603520 1045.570560
2.410840 937.246720 1038.581760
2.417510 966.615040 1029.365760
2.432200 972.984320 1030.302720
2.437670 964.341760 1049.625600
2.444680 964.485120 1050.408960
2.457830 926.208000 1080.683520
2.464400 926.023680 1079.915520
2.471110 970.997760 1068.011520
2.487240 990.986240 1068.902400
2.489140 991.498240 1070.837760
2.491740 970.260480 1070.361600
2.498080 968.499200 1052.912640
2.504610 969.338880 1056.675840
2.511300 956.272640 1077.903360
2.518140 947.220480 1073.556480
2.525480 946.503680 1071.375360
2.531380 940.236800 1093.585920
2.538210 962.560000 1090.959360
2.544790 961.679360 1087.687680
2.551480 964.567040 1075.507200
2.558340 954.490880 1071.482880
2.573490 945.971200 1059.640320
2.588110 951.296000 1060.700160
2.594670 946.032640 1054.832640
2.598210 934.502400 1046.092800
2.605060 935.157760 1048.227840
2.611760 928.112640 1088.977920
2.619440 948.961280 1130.296320
2.625370 949.104640 1130.956800
2.631750 999.137280 1110.312960
2.638560 996.188160 1103.554560
2.658660 974.520320 1086.842880
2.666710 973.844480 1084.200960
2.672100 941.670400 1055.093760
2.678660 930.979840 1048.135680
2.685630 930.222080 1045.908480
2.692140 954.286080 1043.589120
2.705720 954.613760 1042.145280
2.713720 930.140160 1018.736640
2.718930 939.233280 1030.563840
2.725820 939.397120 1031.285760
2.732330 963.461120 1047.905280
2.739060 971.489280 1060.669440
2.745900 972.206080 1063.618560
2.752430 961.085440 1057.720320
2.765810 983.367680 1061.068800
2.772700 970.854400 1052.037120
2.779220 971.427840 1051.499520
2.785910 970.833920 1049.287680
2.792760 966.594560 1083.156480
2.799560 949.780480 1077.519360
2.808630 948.961280 1074.693120
2.820580 929.259520 1053.127680
2.826100 929.771520 1054.295040
2.832860 944.537600 1068.810240
2.846420 962.785280 1089.192960
2.854200 885.964800 1084.446720
2.859590 879.288320 1100.359680
2.866480 881.049600 1104.261120
2.872980 879.718400 1171.599360
2.879690 874.536960 1168.312320
2.893090 921.395200 1132.999680
2.900860 917.524480 1132.001280
2.906660 916.602880 1129.697280
2.917110 867.307520 1123.891200
2.923620 866.611200 1122.109440
2.933420 855.797760 1108.346880
2.939970 870.338560 1113.830400
2.953560 881.643520 1113.031680
2.960130 874.782720 1112.048640
2.973670 893.911040 1087.994880
2.980170 889.671680 1082.096640
2.986850 890.183680 1083.294720
3.000230 887.132160 1126.932480
3.007160 888.197120 1129.267200
3.013650 869.928960 1143.705600
3.020340 896.081920 1144.888320
3.033760 895.590400 1141.079040
3.041210 894.074880 1122.554880
3.054070 879.390720 1130.234880
3.067240 881.745920 1123.092480
3.074070 862.720000 1103.969280
3.080670 862.105600 1149.972480
3.088000 860.917760 1147.576320
3.094240 909.660160 1123.338240
3.100620 874.168320 1127.132160
3.107430 873.041920 1124.659200
3.114290 865.648640 1097.149440
3.120830 899.522560 1085.752320
3.127520 900.280320 1087.733760
3.140800 821.166080 1076.551680
3.143500 876.072960 1102.540800
3.147460 876.359680 1103.262720
3.161310 834.621440 1085.337600
3.174410 858.869760 1056.675840
3.181650 863.641600 1076.090880
3.187810 863.354880 1075.368960
3.194390 826.900480 1074.278400
3.207890 823.418880 1104.721920
3.214650 811.806720 1081.605120
3.221300 814.387200 1082.588160
3.228530 814.694400 1083.248640
3.244210 785.899520 1078.656000
3.249840 785.551360 1077.964800
3.254640 771.686400 1074.416640
3.268220 801.402880 1071.283200
3.276070 791.552000 1078.410240
3.281700 797.265920 1084.538880
3.301710 772.014080 1036.262400
3.308590 771.706880 1035.494400
3.315070 794.521600 1011.456000
3.321950 798.842880 986.112000
3.328880 800.317440 989.245440
3.335220 811.315200 1014.374400
3.342220 812.216320 1003.668480
3.354020 812.503040 1004.467200
3.357320 810.270720 991.610880
3.366680 833.761280 994.145280
3.372710 832.450560 991.027200
3.375760 742.686720 966.988800
3.382040 746.618880 950.722560
3.388850 744.919040 947.435520
3.395390 749.301760 891.955200
3.408830 719.093760 761.318400
3.415970 738.181120 792.560640
3.422270 703.938560 775.971840
3.429100 702.341120 772.730880
3.435640 710.062080 773.114880
3.442690 704.225280 764.390400
3.455720 717.066240 761.287680
3.464950 737.157120 773.283840
3.471610 735.354880 769.075200
3.477670 728.924160 748.293120
3.482530 718.090240 763.299840
3.495940 733.880320 786.524160
3.502620 716.369920 736.573440
3.509370 717.803520 739.783680
3.516230 728.985600 732.794880
3.522700 753.111040 733.578240
3.529440 754.851840 738.001920
3.536330 753.213440 747.955200
3.549510 745.390080 769.536000
3.556380 767.365120 786.447360
3.562990 760.504320 764.943360
3.572320 760.832000 766.003200
3.578700 762.941440 746.280960
3.582850 752.803840 740.290560
3.596520 747.069440 761.057280
3.609790 756.776960 747.187200
3.616660 724.316160 737.571840
3.623300 715.141120 757.524480
3.629850 713.195520 753.162240
3.636750 717.230080 788.213760
3.643270 714.670080 802.467840
3.650410 712.765440 798.382080
3.656880 694.538240 773.928960
3.663300 688.680960 757.248000
3.670070 690.298880 760.396800
3.679740 740.065280 768.092160
3.686780 742.440960 764.221440
3.690010 744.222720 768.506880
3.696810 747.520000 775.388160
3.703780 753.684480 781.056000
3.710210 755.445760 785.310720
3.716950 759.296000 787.000320
3.724650 746.168320 776.371200
3.737060 769.474560 768.936960
3.743960 767.160320 758.138880
3.757140 774.860800 737.448960
3.770510 778.096640 732.871680
3.777230 770.355200 718.264320
3.784120 718.397440 722.365440
3.794180 716.800000 718.894080
3.799800 697.774080 722.887680
3.805340 703.467520 710.292480
3.817550 706.600960 694.579200
3.824120 705.679360 685.685760
3.830830 703.733760 681.047040
3.837530 695.521280 654.996480
3.844340 696.565760 648.668160
3.864240 684.994560 652.124160
3.877920 689.418240 647.592960
3.891110 691.384320 620.375040
3.899120 688.537600 662.046720
3.905740 689.377280 631.879680
3.917990 682.414080 656.885760
3.924830 682.291200 661.923840
3.938110 677.560320 667.100160
3.944700 682.209280 677.191680
3.951390 683.827200 680.601600
3.958150 672.686080 686.561280
3.964930 726.138880 699.540480
3.971540 728.002560 704.133120
3.985020 767.979520 721.505280
3.991710 769.679360 726.051840
3.998280 738.119680 743.024640
4.007610 740.843520 750.781440
4.014390 739.368960 747.494400
4.018380 700.313600 694.272000
4.031760 695.255040 679.971840
4.038470 722.268160 681.262080
4.045340 718.069760 681.400320
4.058570 746.885120 693.550080
4.065340 738.324480 720.107520
4.078670 710.594560 667.361280
4.085360 762.429440 592.097280
4.092230 762.060800 590.730240
4.098920 746.127360 556.615680
4.112250 738.406400 559.549440
4.119000 734.330880 615.797760
4.127490 744.775680 572.451840
4.132080 748.318720 582.743040
4.138990 758.353920 571.361280
4.145910 779.489280 597.319680
4.152400 779.796480 598.548480
4.159040 781.619200 572.006400
4.172430 760.586240 577.766400
4.179130 743.260160 586.936320
4.186020 723.394560 589.685760
4.192550 721.592320 584.785920
4.199220 736.174080 580.008960
4.206050 736.563200 587.719680
4.219320 753.848320 587.520000
4.232560 735.170560 586.705920
4.239410 746.373120 585.845760
4.246110 737.710080 589.900800
4.252810 739.041280 593.587200
4.266200 753.479680 586.122240
4.272900 753.827840 587.320320
4.279450 770.375680 585.139200
4.286450 757.186560 593.341440
4.293000 755.712000 589.393920
4.299700 741.519360 626.519040
4.313290 741.253120 617.472000
4.319800 753.704960 587.120640
4.326490 756.510720 589.931520
4.342720 735.170560 581.729280
4.346420 733.532160 572.021760
4.359970 754.339840 568.888320
4.366690 753.438720 579.225600
4.373550 754.749440 582.865920
4.380060 749.035520 579.041280
4.386770 754.647040 586.106880
4.394170 756.305920 591.052800
4.400160 751.493120 613.770240
4.406860 728.473600 590.484480
4.413730 728.862720 591.790080
4.420260 772.136960 612.986880
4.426970 750.919680 597.903360
4.433820 749.199360 592.957440
4.440350 748.421120 594.324480
4.457850 738.570240 588.441600
4.460620 756.592640 597.335040
4.467140 769.679360 599.009280
4.480750 754.790400 605.552640
4.487780 776.048640 623.093760
4.500770 752.455680 629.529600
4.514030 746.946560 628.976640
4.520750 757.739520 639.651840
4.527580 741.888000 634.767360
4.534080 743.608320 639.498240
4.540820 754.380800 612.387840
4.547630 772.874240 628.101120
4.561270 786.595840 637.209600
4.567780 794.234880 621.911040
4.574310 792.719360 617.088000
4.582330 764.334080 618.685440
4.587870 768.102400 622.049280
4.594400 766.484480 617.303040
4.607890 766.177280 627.041280
4.621210 759.255040 592.220160
4.628410 731.566080 581.944320
4.641290 737.669120 596.275200
4.654690 742.891520 589.194240
4.664140 740.495360 586.736640
4.670590 740.864000 599.101440
4.681610 730.152960 607.027200
4.688210 756.899840 618.501120
4.701680 780.636160 618.685440
4.708270 775.045120 596.567040
4.725680 774.737920 582.405120
4.735380 783.400960 571.115520
4.743260 784.691200 567.244800
4.755370 776.089600 568.350720
4.761900 771.399680 565.555200
4.773310 771.010560 563.159040
4.784030 771.563520 573.834240
4.795540 763.351040 555.632640
4.802100 746.700800 633.031680
4.808760 772.177920 601.881600
4.822170 777.768960 608.394240
4.828850 791.900160 595.307520
4.842230 780.206080 499.660800
4.848800 781.250560 475.453440
4.865240 774.369280 479.723520
4.869040 803.266560 474.378240
4.875880 802.037760 470.108160
4.882650 798.167040 571.484160
4.889290 778.854400 553.405440
4.896000 777.216000 548.090880
4.902470 806.543360 557.245440
4.909860 806.809600 535.296000
4.915910 806.481920 533.975040
4.922810 791.429120 522.163200
4.929320 806.297600 531.548160
4.936020 807.792640 536.908800
4.942810 804.659200 534.343680
4.957220 809.963520 537.308160
4.962840 809.738240 541.163520
4.969710 782.622720 515.665920
4.982890 769.351680 511.319040
4.991440 738.242560 493.777920
4.997820 736.419840 488.263680
5.003040 778.792960 504.883200
5.009880 741.888000 490.629120
5.023100 741.150720 495.360000
5.029970 752.435200 491.381760
5.036490 753.827840 495.498240
5.043180 740.126720 497.602560
5.050670 746.332160 502.594560
5.056600 748.113920 508.108800
5.063270 776.847360 526.080000
5.076820 740.208640 517.140480
5.083370 779.059200 522.823680
5.090090 777.605120 520.535040
5.110020 812.113920 549.166080
5.123600 795.729920 527.431680
5.130260 829.501440 524.835840
5.144130 828.047360 514.068480
5.150350 815.063040 499.107840
5.170440 802.283520 487.710720
5.177310 801.034240 483.471360
5.183840 1093.365760 575.631360
5.190650 1160.417280 579.962880
5.197370 1160.499200 578.626560
5.203980 1311.252480 643.722240
5.210520 1313.792000 633.799680
5.224230 1299.640320 611.481600
5.239490 1289.482240 608.870400
5.244340 1278.894080 592.542720
5.250820 1270.128640 615.475200
5.264430 1254.440960 646.333440
5.270920 1258.332160 646.656000
5.277600 1257.717760 651.340800
5.285070 1284.136960 703.380480
5.291020 1281.925120 698.373120
5.311150 1292.902400 662.154240
5.325460 1284.055040 640.204800
5.331520 1298.472960 636.364800
5.337890 1299.107840 632.862720
5.344760 1247.252480 688.819200
5.358000 1266.708480 681.216000
5.364870 1276.805120 641.080320
5.371390 1293.209600 639.129600
5.378400 1293.434880 637.962240
5.384990 1306.931200 610.974720
5.391490 1311.559680 612.971520
5.405070 1308.282880 630.067200
5.411600 1315.635200 633.922560
5.418280 1314.754560 638.653440
5.430610 1241.108480 694.932480
5.435950 1246.781440 692.121600
5.439280 1247.170560 688.803840
5.445190 1272.176640 687.160320
5.451720 1296.465920 685.317120
5.458480 1296.711680 684.165120
5.465300 1312.215040 672.675840
5.476780 1319.239680 651.141120
5.485440 1302.978560 655.703040
5.498660 1249.607680 660.034560
5.505570 1273.200640 626.488320
5.512050 1276.170240 623.093760
5.521460 1276.866560 618.316800
5.525670 1308.139520 629.283840
5.532180 1317.089280 627.394560
5.545440 1268.510720 606.428160
5.552550 1251.041280 627.210240
5.567420 1279.918080 650.342400
5.572340 1301.770240 623.754240
5.579040 1301.217280 627.271680
5.585800 1332.408320 660.433920
5.592640 1278.197760 655.088640
5.605870 1266.933760 647.746560
5.614480 1277.992960 642.324480
5.626080 1337.528320 639.406080
5.632620 1317.949440 634.982400
5.639320 1318.236160 633.768960
5.647750 1260.400640 638.945280
5.653920 1271.685120 643.399680
5.660690 1271.480320 644.613120
5.666320 1313.710080 608.762880
5.672880 1329.848320 652.185600
5.686380 1293.762560 648.913920
5.692920 1267.937280 634.936320
5.699600 1268.572160 630.297600
5.708690 1264.168960 640.942080
5.713000 1284.935680 623.723520
5.733090 1322.618880 636.533760
5.739880 1322.004480 639.959040
5.746490 1323.499520 631.941120
5.759600 1333.841920 604.846080
5.765040 1332.899840 609.653760
5.767480 1331.261440 620.912640
5.773510 1336.115200 656.302080
5.779970 1335.132160 660.940800
5.786850 1334.046720 681.108480
5.793370 1322.455040 684.487680
5.806770 1324.871680 697.850880
5.813680 1323.499520 709.647360
5.826870 1304.576000 700.185600
5.833730 1304.924160 669.649920
5.847540 1298.862080 685.854720
5.863220 1296.404480 673.781760
5.869460 1282.396160 648.591360
5.873720 1288.499200 655.549440
5.887150 1155.727360 716.313600
5.894880 1098.915840 704.701440
5.907190 1107.763200 757.186560
5.913940 1113.518080 766.540800
5.920730 1113.477120 767.585280
5.927330 1095.680000 801.008640
5.934040 1127.464960 792.391680
5.941660 1127.485440 791.347200
5.947600 1110.077440 788.336640
5.954300 1122.529280 778.767360
5.967690 1123.041280 796.247040
5.980810 1110.937600 798.289920
5.988700 1131.110400 786.908160
5.994430 1128.693760 788.014080
6.001180 1128.714240 783.974400
6.007710 1115.996160 804.034560
6.014410 1118.167040 793.605120
6.027800 1124.331520 771.640320
6.035960 1119.969280 768.061440
6.048020 1105.080320 758.031360
6.054600 1138.667520 747.939840
6.061330 1138.728960 744.652800
6.074720 1003.151360 739.107840
6.088850 1003.028480 737.971200
6.096860 991.600640 762.670080
6.099240 1041.694720 739.937280
6.115070 1009.643520 791.731200
6.121580 1009.704960 792.837120
6.129100 1024.798720 779.013120
6.135190 1006.346240 767.953920
6.141680 1005.793280 763.668480
6.148370 1021.911040 748.231680
6.155240 1037.414400 729.123840
6.161780 1037.004800 724.715520
6.168440 1028.526080 784.512000
6.176690 1024.798720 774.712320
6.191730 1018.449920 763.683840
6.197570 1047.429120 738.416640
6.201810 1047.756800 741.626880
6.208660 1038.807040 787.660800
6.215570 1037.824000 788.090880
6.223200 1037.885440 789.181440
6.228760 1034.772480 771.118080
6.235720 1025.269760 771.563520
6.248840 1026.723840 749.521920
6.262270 1024.040960 746.741760
6.270260 1020.825600 738.447360
6.275810 1027.092480 721.367040
6.289040 1028.567040 733.071360
6.295730 1028.751360 695.639040
6.309310 1020.477440 718.878720
6.316760 940.032000 672.983040
6.322550 940.195840 674.181120
6.329430 944.721920 690.078720
6.335950 941.977600 688.988160
6.356020 947.179520 682.337280
6.363390 946.360320 677.698560
6.369520 960.430080 669.450240
6.376120 959.037440 710.062080
6.389640 964.587520 708.526080
6.396200 947.077120 686.284800
6.414800 960.471040 763.653120
6.418910 948.490240 742.640640
6.429900 946.851840 728.110080
6.436360 936.120320 732.011520
6.449960 954.634240 749.583360
6.457790 959.426560 723.379200
6.463310 960.184320 727.818240
6.470040 968.663040 717.603840
6.476580 952.995840 731.504640
6.483300 953.118720 732.702720
6.496680 940.052480 726.082560
6.504380 939.171840 721.597440
6.510250 915.763200 711.352320
6.519400 908.390400 691.968000
6.526150 907.366400 687.375360
6.530190 899.952640 694.379520
6.536880 931.983360 683.258880
6.543560 933.416960 689.817600
6.551590 973.537280 702.366720
6.557040 959.447040 708.771840
6.563850 960.348160 714.455040
6.570360 943.534080 713.794560
6.577050 934.277120 725.099520
6.583930 934.461440 726.266880
6.590450 900.382720 723.686400
6.603840 949.841920 710.200320
6.610760 938.700800 563.005440
6.617250 948.428800 512.855040
6.637180 975.257600 529.720320
6.645200 975.953920 535.142400
6.650940 975.667200 543.267840
6.657440 977.715200 562.314240
6.670940 949.084160 571.253760
6.677530 958.873600 570.762240
6.684230 958.279680 566.814720
6.697580 970.199040 581.268480
6.704160 970.055680 579.993600
6.711010 961.617920 509.767680
6.717720 1003.786240 507.294720
6.731220 950.538240 538.828800
6.741850 950.947840 572.313600
6.747580 951.767040 577.551360
6.751240 1001.963520 596.966400
6.757930 987.791360 610.944000
6.764610 987.217920 607.150080
6.777990 961.024000 537.262080
6.785420 960.880640 535.910400
6.791510 969.482240 513.761280
6.800200 965.427200 516.556800
6.811650 965.550080 533.053440
6.818180 945.704960 550.917120
6.824890 946.544640 556.247040
6.832150 953.507840 490.552320
6.838340 944.005120 466.529280
6.854500 971.837440 468.080640
6.858280 962.170880 486.881280
6.871780 1019.637760 447.959040
6.878930 1001.676800 467.420160
6.892400 967.639040 471.383040
6.898770 982.650880 469.386240
6.911970 954.040320 459.371520
6.918820 957.194240 451.998720
6.931910 937.041920 477.388800
6.938730 958.361600 464.225280
6.955580 1009.131520 450.647040
6.965400 1007.247360 430.371840
6.973090 1011.159040 450.539520
6.979000 1010.503680 435.502080
6.992520 1021.562880 447.544320
6.998970 983.490560 449.172480
7.012570 937.656320 449.571840
7.019340 953.692160 451.814400
7.025830 953.794560 453.212160
7.032680 975.093760 453.273600
7.039220 989.224960 455.823360
7.059310 983.552000 461.552640
7.072020 982.917120 456.084480
7.074500 1008.885760 444.165120
7.079610 1019.330560 421.632000
7.086030 1019.740160 425.809920
7.092890 942.694400 448.081920
7.099500 975.134720 473.026560
7.112930 995.880960 475.176960
7.119800 1013.084160 476.067840
7.139940 1023.365120 469.186560
7.146400 1022.914560 463.779840
7.153100 964.014080 461.015040
7.159960 950.988800 475.653120
7.166470 950.251520 471.352320
7.175380 985.272320 471.997440
7.181200 1001.472000 452.213760
7.186660 1001.410560 450.754560
7.193410 996.044800 454.548480
7.200130 1015.234560 456.437760
7.220080 979.087360 448.174080
7.226940 979.169280 449.664000
7.233490 1000.652800 491.980800
7.240160 993.832960 427.607040
7.247030 993.751040 426.086400
7.253560 972.247040 497.725440
7.260270 946.892800 488.540160
7.267120 946.176000 484.362240
7.273670 982.323200 475.161600
7.283660 1008.599040 476.544000
7.293670 974.745600 470.615040
7.301490 952.217600 455.116800
7.307300 952.135680 453.642240
7.313850 965.877760 454.625280
7.320550 982.548480 467.435520
7.327360 981.995520 464.378880
7.333970 1012.654080 448.757760
7.340630 995.717120 449.786880
7.354270 970.096640 426.240000
7.360740 956.641280 423.091200
7.367540 955.944960 418.759680
7.374280 1003.724800 394.752000
7.380820 1018.347520 440.064000
7.387530 1019.330560 450.508800
7.396080 968.437760 451.322880
7.400800 962.969600 434.058240
7.414490 1002.639360 454.149120
7.420950 1021.870080 449.064960
7.427720 1022.361600 454.871040
7.434590 991.764480 465.054720
7.441090 981.401600 476.497920
7.461190 969.523200 491.458560
7.474640 964.874240 456.099840
7.481440 964.894720 463.257600
7.494750 943.882240 425.318400
7.503460 967.720960 406.379520
7.509550 967.659520 404.843520
7.514820 972.861440 439.311360
7.521660 1015.316480 456.990720
7.528190 1014.845440 452.689920
7.534890 978.944000 470.461440
7.541730 947.363840 424.903680
7.548180 948.756480 433.305600
7.554990 1009.520640 475.484160
7.561870 1008.128000 466.744320
7.568390 1008.168960 468.126720
7.575070 961.290240 453.949440
7.588470 995.635200 458.357760
7.595160 1006.796800 468.372480
7.601890 973.291520 482.058240
7.611810 972.615680 476.697600
7.617790 958.771200 491.873280
7.622010 1021.317120 453.150720
7.635360 985.456640 465.269760
7.642230 967.311360 474.332160
7.655950 1017.057280 453.611520
7.662330 992.296960 442.736640
7.668850 992.829440 446.853120
7.676470 1009.418240 462.935040
7.682380 1051.013120 433.382400
7.688970 1051.361280 438.973440
7.702390 1006.305280 466.176000
7.709260 1006.366720 467.558400
7.715750 1012.981760 469.800960
7.731210 994.160640 442.060800
7.735790 1015.234560 414.059520
7.742740 990.924800 422.461440
7.749280 990.371840 418.252800
7.756100 996.843520 462.520320
7.762640 1008.455680 449.387520
7.776180 1024.368640 464.209920
7.782710 1039.073280 431.953920
7.789420 1038.684160 426.362880
7.798630 1019.719680 439.219200
7.802800 1042.677760 433.843200
7.823100 990.269440 467.650560
7.837580 988.753920 415.626240
7.843220 997.908480 405.396480
7.856550 1047.101440 392.478720
7.869810 1020.231680 388.945920
7.876570 1052.405760 377.656320
7.883190 1042.595840 365.537280
7.889930 1042.964480 369.899520
7.896600 1061.724160 387.793920
7.903450 1044.295680 411.125760
7.909970 1044.336640 412.554240
7.916710 1044.910080 434.872320
7.923490 1057.832960 432.814080
7.940350 1034.117120 439.388160
7.946620 1029.242880 433.259520
7.950090 1028.792320 427.683840
7.956880 1019.392000 400.389120
7.963560 997.437440 355.599360
7.976960 1000.488960 378.455040
7.983720 1017.671680 397.301760
7.990530 1018.081280 401.510400
7.998020 1003.048960 422.922240
8.003750 1009.418240 434.549760
8.010460 1009.950720 440.140800
8.017160 1054.208000 463.856640
8.024070 1059.880960 480.076800
8.030560 1059.819520 481.505280
8.037280 1051.914240 483.456000
8.049900 1044.152320 485.207040
8.061180 1035.530240 481.950720
8.064000 1071.984640 465.530880
8.070670 1072.005120 464.117760
8.077510 1068.544000 469.386240
8.084320 1069.035520 472.212480
8.091380 1069.301760 477.634560
8.097610 1040.179200 461.967360
8.104220 1046.282240 477.696000
8.110920 1046.650880 483.179520
8.117630 1051.381760 478.295040
8.124500 1048.862720 462.766080
8.131060 1048.473600 458.603520
8.139090 1044.520960 431.016960
8.144620 1030.840320 437.022720
8.151120 1030.860800 435.594240
8.158370 1022.668800 433.781760
8.164570 1003.601920 409.681920
8.171130 1003.089920 405.396480
8.185270 1046.261760 372.372480
8.191300 1046.589440 376.734720
8.198090 1022.484480 421.539840
8.204630 1047.982080 419.097600
8.211540 1047.572480 414.827520
8.218100 1044.869120 429.020160
8.232710 1069.568000 423.567360
8.238190 991.559680 408.529920
8.244890 1015.275520 407.024640
8.258330 1067.540480 393.799680
8.268030 1057.484800 375.905280
8.278810 1018.429440 385.981440
8.285180 1040.465920 365.675520
8.291780 1040.097280 359.792640
8.305170 1035.939840 403.015680
8.318570 1014.292480 379.238400
8.325370 1028.485120 387.133440
8.338670 1058.406400 401.925120
8.345370 1083.760640 418.406400
8.352060 1083.965440 422.522880
8.358910 1049.436160 423.429120
8.365440 1018.019840 404.613120
8.372690 1018.511360 410.342400
8.379870 1043.701760 443.581440
8.386620 1052.979200 447.406080
8.392510 1053.306880 453.027840
8.398950 1062.256640 483.118080
8.405790 1061.867520 500.736000
8.421080 1058.836480 508.723200
8.432540 1041.244160 457.589760
8.439130 1035.837440 431.324160
8.445900 1017.466880 446.100480
8.452580 1016.954880 440.509440
8.466440 986.501120 438.374400
8.472650 986.419200 436.976640
8.479530 999.997440 424.074240
8.486440 976.793600 438.282240
8.492560 977.469440 443.873280
8.499490 1056.440320 429.634560
8.513730 1040.670720 444.272640
8.519490 1027.133440 464.010240
8.526420 999.874560 454.471680
8.532920 999.362560 450.339840
8.539640 1000.509440 466.099200
8.546260 989.450240 471.214080
8.553200 988.815360 465.730560
8.560600 989.532160 435.072000
8.573230 976.814080 449.203200
8.579780 968.007680 440.509440
8.586490 968.642560 454.149120
8.600480 1031.905280 434.304000
8.607250 1020.784640 394.613760
8.613360 1021.214720 398.868480
8.620130 1023.385600 468.387840
8.626670 1043.988480 455.792640
8.633370 1044.357120 461.291520
8.640190 1051.586560 483.717120
8.646760 1047.961600 432.138240
8.654480 1048.309760 437.821440
8.660330 1027.747840 446.131200
8.666820 1017.221120 513.070080
8.673570 1016.750080 509.076480
8.680270 999.383040 496.158720
8.687150 982.855680 498.216960
8.693660 982.220800 492.856320
8.704420 974.950400 455.685120
8.711300 1025.658880 448.634880
8.713600 1025.617920 447.206400
8.727370 1031.639040 489.047040
8.733880 1032.048640 494.407680
8.740560 1032.560640 503.639040
8.749550 1023.754240 486.435840
8.760650 998.727680 449.495040
8.767510 981.360640 427.238400
8.774090 981.299200 425.763840
8.780740 1023.856640 430.540800
8.787610 999.075840 454.072320
8.800910 1048.391680 430.679040
8.807760 1032.294400 461.506560
8.820930 996.065280 473.687040
8.827660 1018.531840 454.809600
8.834350 1018.040320 449.249280
8.841630 999.587840 456.837120
8.847710 1037.312000 445.393920
8.854490 1037.332480 444.026880
8.861320 1029.181440 479.216640
8.867800 1013.186560 487.096320
8.881390 999.383040 461.445120
8.889840 1003.335680 471.029760
8.894610 1003.397120 472.427520
8.901480 1006.059520 468.725760
8.908040 999.567360 446.023680
8.914690 998.993920 440.417280
8.930860 1006.120960 444.687360
8.938310 1005.588480 439.157760
8.941480 1034.752000 417.177600
8.948410 1041.346560 400.803840
8.954910 1041.694720 404.997120
8.961590 1026.007040 449.372160
8.974990 1016.012800 443.351040
8.984140 1004.441600 466.114560
8.988370 993.751040 502.932480
8.995300 993.832960 504.299520
9.008630 1009.090560 470.522880
9.015200 1008.558080 465.039360
9.021870 1030.799360 442.536960
9.035880 1030.778880 441.108480
9.041870 1048.125440 452.628480
9.048660 1052.917760 438.973440
9.062050 1059.368960 490.260480
9.068770 1044.439040 470.338560
9.078210 1044.807680 475.837440
9.082250 1051.136000 473.733120
9.089020 1042.472960 477.450240
9.102250 1029.509120 449.786880
9.109120 1014.333440 457.635840
9.115630 1013.862400 453.504000
9.124770 986.992640 456.837120
9.129030 978.677760 431.846400
9.135740 978.001920 426.178560
9.145350 984.330240 404.843520
9.149100 1036.840960 429.941760
9.155970 1036.779520 428.451840
9.162540 1027.031040 456.192000
9.172430 1027.358720 447.728640
9.175920 1026.908160 444.779520
9.182690 995.184640 430.433280
9.196200 969.994240 430.248960
9.202710 1041.592320 449.387520
9.209420 1034.752000 427.484160
9.222830 1027.481600 422.123520
9.229530 1029.181440 430.986240
9.236310 1029.672960 438.481920
9.242900 995.819520 440.340480
9.257220 972.840960 439.004160
9.264560 1049.907200 450.754560
9.269690 1037.230080 447.943680
9.276640 1036.881920 443.796480
9.283090 970.752000 403.415040
9.289800 936.960000 409.835520
9.296600 937.676800 414.059520
9.303170 930.447360 364.692480
9.312210 893.050880 350.976000
9.323240 892.416000 383.861760
9.330030 908.881920 405.611520
9.336870 909.004800 407.086080
9.343410 918.917120 406.656000
9.350080 937.717760 380.620800
9.359990 937.656320 379.176960
9.371830 940.728320 354.877440
9.390270 905.216000 380.375040
9.396970 907.038720 390.435840
9.405020 916.398080 434.319360
9.410360 933.273600 438.374400
9.416990 932.618240 435.379200
9.423850 927.436800 418.252800
9.430440 955.699200 411.002880
9.443870 934.522880 395.996160
9.452250 963.297280 387.671040
9.457250 962.600960 382.141440
9.466930 949.186560 366.566400
9.473010 939.274240 389.928960
9.477270 940.134400 395.827200
9.484210 927.457280 387.532800
9.490730 931.819520 396.748800
9.499490 931.041280 392.325120
9.510860 944.537600 377.917440
9.517530 943.718400 372.003840
9.524360 950.599680 372.311040
9.537640 955.453440 372.618240
9.545870 953.958400 390.236160
9.551010 954.531840 404.136960
9.557980 955.310080 409.881600
9.564420 966.082560 419.005440
9.571320 938.803200 403.200000
9.578270 938.905600 404.705280
9.584770 947.097600 399.191040
9.592210 919.961600 411.863040
9.597900 919.797760 410.403840
9.604740 923.688960 410.449920
9.611330 937.144320 416.501760
9.631570 922.808320 368.455680
9.639820 923.750400 374.446080
9.644820 929.218560 407.869440
9.651890 935.280640 402.585600
9.665050 948.285440 402.585600
9.671590 952.934400 386.119680
9.678290 952.197120 381.711360
9.695480 936.038400 386.749440
9.698320 935.915520 385.213440
9.705110 901.468160 393.661440
9.711880 929.566720 395.412480
9.718480 928.849920 391.065600
9.725240 908.554240 388.884480
9.733520 911.994880 376.166400
9.738620 912.814080 380.528640
9.745640 928.952320 409.528320
9.758660 928.849920 362.204160
9.765360 929.525760 368.962560
9.772170 943.144960 397.962240
9.780220 943.984640 403.814400
9.785460 927.989760 391.910400
9.797320 927.764480 392.355840
9.805580 936.816640 403.845120
9.812260 936.857600 394.890240
9.826270 944.680960 371.205120
9.832520 940.789760 376.642560
9.845750 944.721920 410.956800
9.852600 949.350400 408.683520
9.865830 941.772800 411.755520
9.874420 948.633600 413.859840
9.885970 938.393600 380.282880
9.892650 935.137280 372.894720
9.912570 928.051200 380.574720
9.926120 930.242560 385.935360
9.932720 925.696000 426.670080
9.946430 921.518080 441.937920
9.959610 914.718720 433.136640
9.967550 943.042560 446.776320
9.973010 942.714880 425.395200
9.986400 922.378240 443.535360
9.993090 909.209600 422.369280
10.006500 906.444800 465.623040
10.017710 982.446080 454.379520
10.026590 958.935040 480.061440
10.033280 934.604800 470.722560
10.053540 960.675840 475.499520
10.067590 934.891520 455.040000
10.073990 924.323840 444.779520
10.087240 983.101440 420.971520
10.100420 956.436480 451.875840
10.110790 965.324800 448.496640
10.115020 944.844800 433.858560
10.134100 931.000320 453.580800
