0.000000 891.340800 393.445500
0.016200 810.969600 383.187000
0.049010 856.514400 413.626500
0.065260 863.620800 414.897000
0.098100 860.059200 416.388000
0.114600 859.269600 404.659500
0.147500 860.865600 451.363500
0.164090 785.232000 375.984000
0.180290 784.912800 371.490000
0.196980 809.642400 404.176500
0.213170 842.352000 403.168500
0.246550 857.018400 421.176000
0.262860 883.192800 377.055000
0.303290 818.176800 399.220500
0.311740 827.282400 423.612000
0.345170 879.295200 374.986500
0.361340 863.553600 426.667500
0.377810 863.536800 430.878000
0.394230 1147.759200 295.197000
0.415290 1218.352800 286.167000
0.443320 1198.159200 268.390500
0.459820 1210.725600 286.650000
0.493050 1165.802400 271.708500
0.509280 1193.438400 248.913000
0.525410 1194.732000 243.999000
0.541980 1187.894400 286.965000
0.558360 1210.860000 263.707500
0.591380 1206.038400 310.842000
0.607830 1242.864000 267.498000
0.642720 1326.242400 347.287500
0.656820 1316.078400 344.347500
0.673350 1314.280800 348.768000
0.690170 1326.931200 399.892500
0.706380 1320.160800 361.284000
0.722770 1318.312800 365.694000
0.740630 1239.100800 386.557500
0.755570 921.362400 470.715000
0.788490 513.878400 667.096500
0.804990 529.552800 655.189500
0.821370 528.175200 651.840000
0.837740 512.752800 615.048000
0.855200 517.490400 600.348000
0.870610 516.096000 596.788500
0.887120 548.100000 603.109500
0.903570 626.169600 613.525500
0.919970 627.127200 616.969500
0.938070 561.993600 639.261000
0.961390 526.579200 584.356500
0.969220 526.125600 582.267000
0.985400 574.862400 592.326000
1.001940 542.522400 582.477000
1.026720 542.388000 582.120000
1.034970 545.227200 607.687500
1.051220 541.396800 629.013000
1.067390 539.128800 623.763000
1.084100 492.895200 579.757500
1.100480 573.333600 386.757000
1.116980 575.736000 396.070500
1.133670 567.957600 204.078000
1.149930 543.429600 221.098500
1.166520 543.564000 221.623500
1.182620 555.038400 238.192500
1.199200 549.040800 265.230000
1.232040 551.611200 267.550500
1.248480 581.582400 281.998500
1.264870 580.473600 277.011000
1.286620 583.346400 276.181500
1.297740 556.248000 261.754500
1.314250 557.155200 264.085500
1.330580 542.421600 268.149000
1.347110 588.806400 262.195500
1.363440 589.024800 264.421500
1.379980 624.892800 261.649500
1.398420 956.071200 276.118500
1.429240 1429.360800 359.845500
1.445610 1413.484800 278.554500
1.462100 1414.744800 276.181500
1.478490 1401.422400 275.404500
1.495170 1435.862400 304.353000
1.513380 1436.870400 302.022000
1.527850 1389.544800 277.788000
1.544820 1384.521600 278.218500
1.560790 1382.472000 282.901500
1.577290 1451.839200 259.161000
1.593420 1362.396000 262.657500
1.617510 1360.212000 267.981000
1.626460 1408.831200 273.420000
1.642560 1407.504000 279.972000
1.659050 1411.048800 272.401500
1.676810 1358.952000 260.830500
1.692240 1383.765600 289.516500
1.708500 1384.588800 287.206500
1.724760 1422.674400 404.974500
1.741400 1425.463200 532.875000
1.774100 1371.266400 633.633000
1.790470 1511.244000 643.020000
1.807290 1508.371200 646.474500
1.823720 1496.661600 665.122500
1.839900 1546.003200 626.503500
1.856220 1550.724000 621.358500
1.873200 1375.533600 647.608500
1.889220 1541.131200 576.187500
1.905780 1542.206400 574.465500
1.931590 1376.793600 629.559000
1.944630 1410.494400 621.642000
1.971180 1349.896800 793.243500
1.987550 1396.500000 758.709000
2.004410 1395.576000 759.801000
2.020790 1377.297600 810.547500
2.037050 1347.410400 852.621000
2.056820 1346.217600 853.776000
2.069800 1393.610400 835.968000
2.086050 1414.291200 809.623500
2.102910 1415.786400 808.132500
2.119410 1424.186400 793.285500
2.135770 1415.971200 781.861500
2.168420 1395.290400 762.804000
2.184470 1386.806400 724.080000
2.201040 1387.696800 722.662500
2.217910 1387.831200 698.124000
2.234410 1369.200000 708.340500
2.252590 1366.948800 711.459000
2.268350 1373.114400 683.844000
2.283330 1411.989600 400.585500
2.299670 1411.099200 402.780000
2.316380 1366.092000 216.772500
2.332760 1371.652800 232.291500
2.349060 1375.281600 223.597500
2.365750 1359.086400 217.927500
2.382010 1392.300000 220.090500
2.398460 1392.266400 219.733500
2.414960 1402.951200 295.890000
2.431460 1402.531200 284.938500
2.447810 1400.229600 289.978500
2.464280 1031.032800 247.002000
2.490880 648.631200 276.664500
2.497300 650.580000 288.361500
2.513300 567.151200 271.047000
2.529670 565.404000 288.151500
2.555200 565.118400 285.484500
2.562910 600.549600 271.645500
2.579200 586.084800 273.567000
2.599370 587.176800 280.297500
2.612050 591.259200 316.071000
2.628610 581.700000 287.500500
2.644780 580.557600 282.429000
2.661180 585.211200 258.783000
2.677550 586.908000 289.369500
2.694410 588.369600 297.349500
2.711050 595.980000 292.215000
2.727100 558.028800 264.589500
2.743460 557.860800 262.521000
2.759750 586.672800 276.916500
2.776220 614.880000 292.981500
2.819250 627.396000 298.483500
2.825540 621.297600 273.220500
2.841720 619.382400 263.161500
2.858260 543.496800 309.802500
2.875020 521.724000 483.798000
2.891340 520.329600 479.713500
2.907910 441.537600 711.858000
2.927000 531.098400 692.496000
2.940420 530.611200 690.763500
2.957120 504.117600 670.299000
2.973300 475.809600 661.416000
2.989680 474.532800 659.767500
3.006340 524.328000 648.364500
3.022880 528.141600 662.193000
3.039020 529.502400 665.395500
3.055250 546.403200 623.154000
3.071810 535.466400 676.924500
3.088540 537.348000 681.933000
3.104790 497.414400 707.406000
3.121490 504.487200 688.275000
3.151700 505.478400 689.829000
3.154910 570.696000 740.680500
3.170390 533.064000 766.426500
3.203650 583.732800 810.127500
3.220030 563.085600 818.538000
3.236200 561.859200 816.049500
3.253130 524.731200 778.323000
3.269080 537.196800 784.486500
3.285460 538.557600 787.227000
3.302270 313.202400 805.518000
3.318650 264.835200 798.567000
3.334840 262.298400 795.826500
3.351230 301.560000 818.139000
3.367520 296.620800 813.382500
3.400470 273.739200 827.169000
3.417090 240.189600 825.184500
3.433440 237.585600 822.612000
3.449620 239.215200 820.606500
3.471970 244.087200 828.376500
3.482690 246.657600 830.917500
3.499190 247.161600 857.314500
3.515570 270.429600 790.965000
3.532070 271.941600 792.046500
3.548440 210.621600 797.202000
3.564940 234.528000 794.335500
3.585540 231.604800 791.322000
3.597540 265.255200 815.398500
3.614040 291.076800 804.321000
3.630410 287.061600 800.247000
3.646780 271.706400 765.030000
3.663600 261.172800 745.321500
3.680090 262.298400 746.991000
3.696250 267.976800 699.625500
3.712490 268.128000 787.689000
3.729060 271.320000 790.503000
3.745360 276.141600 842.908500
3.761740 280.291200 823.599000
3.778330 278.577600 822.318000
3.798090 283.416000 813.676500
3.811200 268.884000 819.714000
3.827860 265.524000 815.671500
3.849580 237.451200 818.958000
3.860740 181.692000 830.140500
3.877150 185.539200 834.162000
3.893460 169.276800 729.330000
3.909740 195.451200 733.320000
3.926160 196.425600 734.727000
3.942740 258.367200 779.656500
3.959250 264.532800 798.000000
3.975620 268.766400 802.368000
3.992150 217.442400 827.704500
4.019440 248.774400 788.466000
4.025670 247.111200 787.080000
4.043230 319.603200 871.584000
4.057530 690.614400 854.038500
4.074030 690.295200 851.539500
4.090600 1209.532800 771.582000
4.106960 1162.442400 777.325500
4.128730 1162.845600 775.950000
4.142170 1154.227200 764.998500
4.156440 1170.338400 788.298000
4.172810 1171.564800 785.841000
4.189200 1185.508800 730.474500
4.205690 1207.852800 780.864000
4.221950 1205.366400 785.053500
4.238360 1209.532800 767.991000
4.254870 1137.780000 784.098000
4.271170 1136.184000 787.909500
4.287550 1077.871200 778.669500
4.304080 1098.770400 796.372500
4.350420 1141.778400 817.173000
4.354840 1158.393600 812.049000
4.369650 1158.746400 810.873000
4.386150 1130.455200 822.139500
4.402670 1120.778400 817.876500
4.419390 1120.812000 817.782000
4.435580 1145.071200 788.445000
4.459530 1176.117600 774.070500
4.468460 1175.697600 775.278000
4.484830 1113.470400 816.816000
4.501330 1121.786400 810.001500
4.517710 1122.861600 807.565500
4.534190 1125.751200 823.525500
4.550700 1141.140000 788.371500
4.566750 1142.265600 785.872500
4.583450 1162.123200 607.782000
4.599650 1134.705600 357.115500
4.616410 1134.033600 359.236500
4.634080 1142.635200 263.728500
4.649350 1153.656000 258.814500
4.673990 1153.202400 261.030000
4.681730 1194.631200 278.260500
4.698270 1169.884800 273.892500
4.714650 1168.658400 278.733000
4.731320 1184.047200 302.253000
4.747630 1129.060800 272.653500
4.764190 1130.085600 267.939000
4.783860 1125.616800 282.607500
4.796940 1117.653600 283.657500
4.813610 1116.645600 288.477000
4.830010 1119.417600 299.701500
4.846500 1117.922400 294.283500
4.862890 1118.241600 292.005000
4.879140 1172.421600 294.567000
4.895520 1150.816800 315.483000
4.912060 1150.430400 317.667000
4.928280 1120.274400 311.514000
4.945000 1127.616000 324.691500
4.963400 1127.985600 322.276500
4.977850 1097.527200 282.271500
5.005170 1098.921600 298.116000
5.012810 1098.636000 300.573000
5.026770 1117.368000 301.843500
5.043270 1147.372800 353.010000
5.059780 1148.162400 350.385000
5.076420 420.050400 277.914000
5.092890 203.044800 316.302000
5.113610 201.213600 313.603500
5.125570 298.015200 348.463500
5.141880 306.734400 334.456500
5.158440 304.533600 329.626500
5.174810 251.512800 296.593500
5.191430 298.636800 333.385500
5.207700 306.583200 352.170000
5.225140 351.556800 379.501500
5.240840 324.324000 407.694000
5.256770 324.794400 407.116500
5.273550 285.297600 411.736500
5.290280 280.677600 379.239000
5.306180 283.113600 384.090000
5.325570 304.164000 371.290500
5.338940 294.957600 371.647500
5.355430 289.396800 360.916500
5.373890 322.089600 383.145000
5.388300 294.588000 320.460000
5.404690 298.401600 327.925500
5.421490 313.908000 339.580500
5.439110 264.516000 358.564500
5.454220 262.029600 353.629500
5.470730 263.860800 328.534500
5.487100 264.163200 334.036500
5.503430 259.425600 324.313500
5.519970 264.667200 309.823500
5.536510 236.107200 289.894500
5.552770 236.896800 292.372500
5.569110 262.953600 318.895500
5.585580 293.042400 325.405500
5.601940 295.243200 330.183000
5.618630 267.153600 347.707500
5.634770 281.836800 327.064500
5.655200 288.556800 341.323500
5.667530 301.896000 335.926500
5.684070 275.872800 409.594500
5.700570 272.512800 402.601500
5.716940 275.721600 383.817000
5.733450 305.155200 362.901000
5.749900 302.920800 358.186500
5.766080 293.260800 337.722000
5.782360 278.476800 372.424500
5.798730 276.964800 370.156500
5.815740 249.345600 326.056500
5.832100 297.225600 333.133500
5.848460 300.988800 340.504500
5.871970 288.153600 321.625500
5.883400 289.648800 305.056500
5.897450 292.017600 310.264500
5.913890 283.886400 349.944000
5.930550 242.457600 505.921500
5.946890 236.006400 496.030500
5.963420 271.168800 809.466000
5.985020 317.385600 872.844000
5.996250 317.284800 872.749500
6.012640 292.824000 804.940500
6.029080 271.219200 806.536500
6.045360 272.781600 807.870000
6.061940 334.068000 845.764500
6.078440 315.268800 859.918500
6.094720 315.352800 860.013000
6.111500 255.880800 810.589500
6.127510 234.679200 799.858500
6.143880 238.089600 803.712000
6.160620 252.453600 820.764000
6.176860 266.968800 806.925000
6.200690 268.615200 808.132500
6.209750 283.147200 834.277500
6.226020 258.283200 831.148500
6.258890 272.731200 795.816000
6.275580 297.376800 788.938500
6.292050 292.857600 783.688500
6.312340 283.063200 786.082500
6.324780 239.904000 827.484000
6.357840 212.536800 838.393500
6.374060 247.850400 836.346000
6.390750 248.791200 837.763500
6.406940 239.668800 836.808000
6.423330 232.680000 822.832500
6.439960 231.571200 821.436000
6.456320 281.484000 802.441500
6.472650 287.582400 816.312000
6.489040 285.112800 813.634500
6.505460 248.203200 760.945500
6.530850 264.364800 772.852500
6.538200 260.366400 768.684000
6.554820 445.032000 771.802500
6.571330 431.827200 818.674500
6.587790 433.557600 821.163000
6.604190 456.640800 761.859000
6.620550 454.910400 753.627000
6.641460 457.800000 757.806000
6.659550 481.202400 794.398500
6.669960 423.477600 780.517500
6.686360 421.663200 777.798000
6.702840 473.373600 751.338000
6.719220 418.219200 772.044000
6.735710 416.959200 770.731500
6.755900 740.409600 862.680000
6.768550 1112.428800 773.157000
6.784710 1113.184800 771.603000
6.801120 1133.563200 694.974000
6.817860 1156.663200 718.620000
6.857960 1226.400000 703.710000
6.866840 1126.221600 718.567500
6.883200 1128.002400 714.084000
6.899670 1143.122400 717.696000
6.916220 1183.929600 689.062500
6.932550 1184.416800 687.498000
6.948910 1111.236000 714.903000
6.965320 1123.567200 735.304500
6.981790 1122.508800 738.066000
6.998300 1121.618400 764.169000
7.014670 1105.725600 802.389000
7.031030 1104.297600 806.389500
7.047540 1145.844000 826.633500
7.063930 1153.000800 812.364000
