0.000000 67.405654 33.381292
0.016430 51.789351 24.949315
0.033270 24.657869 11.868851
0.051590 -1.997468 -2.394338
0.065640 -17.326884 -10.656222
0.082130 -3.037535 -3.761471
0.098320 -2.497161 -1.491182
0.114830 -1.296766 -0.129009
0.131180 0.171769 1.255441
0.148060 0.795785 4.118226
0.164060 0.055649 5.462350
0.180310 -1.100942 4.571158
0.196980 -0.119876 1.539165
0.213750 -1.343245 -1.456254
0.230110 -2.226790 -2.909590
0.246430 -0.742291 -3.721470
0.263240 1.005545 -3.624623
0.279820 1.618373 -2.482629
0.295820 2.084807 0.452402
0.317380 1.025555 0.366045
0.328690 -0.020341 -0.233770
0.345190 0.144916 0.663255
0.361570 -0.950914 0.528263
0.378060 -6.026694 0.856540
0.394440 0.105455 -2.024675
0.410900 9.049469 -5.435858
0.427090 17.688314 -8.562744
0.443580 23.420319 -10.129686
0.460080 23.117803 -10.230970
0.476460 18.819477 -6.923310
0.493080 10.321752 -1.675101
0.509620 0.169302 1.324766
0.525810 -6.439636 2.635795
0.542220 -2.144981 1.596979
0.558440 -1.854427 0.915806
0.575100 -0.833517 0.002001
0.591580 1.338935 -1.573325
0.608410 2.683798 -1.345044
0.624320 3.106860 -1.183301
0.642720 2.189677 -0.745144
0.657200 1.210371 -0.914123
0.673580 0.409014 -0.920394
0.690090 -0.042916 -1.354789
0.706450 -0.192563 -1.852210
0.725040 -0.405589 -0.496285
0.739640 0.417377 0.506151
0.756610 0.525436 1.323057
0.772320 0.456383 0.641334
0.788540 -0.362572 0.620132
0.805030 -0.741341 0.774600
0.821690 0.010136 1.473286
0.838180 0.051128 3.283438
0.862480 -0.646157 4.275302
0.872800 -2.870645 2.587905
0.887100 -2.809724 -0.589780
0.903660 -1.383422 -1.629052
0.920390 -0.221776 -2.090704
0.936430 0.852156 -1.094488
0.952790 1.607217 -0.635748
0.974110 4.599975 1.125514
1.002140 0.743012 2.231008
1.018660 7.487667 2.222895
1.035370 -7.924210 0.516391
1.051640 -31.792217 0.038161
1.068020 -53.455489 -0.500123
1.084370 -68.917398 -0.742020
1.101020 -66.890372 -1.954844
1.117160 -48.686864 -3.123398
1.133530 -23.566620 -3.116294
1.150070 -1.424516 -3.115952
1.166530 13.989661 -2.774691
1.191750 3.497526 -1.034599
1.199100 3.182558 3.035238
1.215610 3.494740 3.864887
1.232170 1.732191 5.808879
1.248540 2.130436 4.677029
1.265180 0.474651 3.704851
1.281780 -2.862733 2.863460
1.301850 -3.179799 2.049543
1.321880 -3.253205 -0.050725
1.330590 -3.144339 -0.010701
1.347150 -0.525526 -0.579225
1.363950 2.463595 0.386618
1.380210 4.130082 2.645836
1.396580 4.542539 2.330412
1.412850 4.330641 2.703219
1.429610 1.196035 2.596378
1.445450 -0.392460 1.056624
1.462120 -1.262961 -0.405365
1.478340 -0.590908 -1.203344
1.495030 0.717597 -0.718648
1.520110 0.830727 -2.736511
1.527740 -1.223179 -0.634106
1.544170 -3.384262 10.636235
1.560600 -4.674843 21.560803
1.577160 -4.500560 29.702484
1.593680 -0.336339 31.635313
1.610390 -0.299501 27.967775
1.643070 0.826678 19.234771
1.659160 1.823361 8.427887
1.675520 3.032552 -0.895123
1.692280 2.530366 -0.703865
1.708860 2.274723 1.772931
1.725380 2.087103 0.990802
1.743580 1.716890 1.387514
1.757970 0.827831 0.030838
1.774990 -1.507106 1.273547
1.790800 -0.119147 0.870448
1.807120 -0.307119 0.101776
1.823630 -1.537902 0.587093
1.845840 -2.094854 0.225871
1.856450 -1.228008 -0.901172
1.872840 -0.077303 -1.229538
1.889450 0.020499 -1.447328
1.907890 0.214466 -1.549279
1.922330 -2.038756 0.868536
1.938690 -1.710640 1.357731
1.954960 -1.158002 2.266867
1.971580 -0.300680 2.051588
1.987950 0.794927 0.679385
2.004460 1.669446 -0.603669
2.037510 1.692370 -1.203753
2.053810 2.244489 -2.856269
2.086780 1.204834 -2.958726
2.104390 -1.044663 -0.611331
2.119290 -0.913130 2.979579
2.135670 -4.165886 2.425146
2.152280 -2.213992 -9.797073
2.175350 0.092126 -24.500102
2.184940 2.369638 -36.769435
2.201400 4.959252 -39.770549
2.234280 4.733864 -33.811696
2.250800 0.425831 -20.465924
2.267460 -1.469007 -4.759442
2.284470 -2.913841 5.220487
2.300220 -0.188812 5.076614
2.316390 3.137826 0.053883
2.332770 1.093366 0.474627
2.349590 1.063332 0.316826
2.382320 0.505976 1.899166
2.398640 -1.837073 3.150032
2.414990 -2.796245 2.645652
2.431630 -0.472441 1.890398
2.447950 1.319714 0.405987
2.464440 3.648740 0.919965
2.480640 1.406173 0.873541
2.500710 0.341267 0.098123
2.513550 -0.284526 -1.122913
2.529930 -1.843806 -0.334963
2.546550 -2.192444 0.103744
2.563130 -1.742642 -0.202271
2.579590 0.333852 0.308923
2.595970 1.733306 0.400950
2.614590 2.463040 1.478737
2.628880 2.093500 0.443987
2.644760 1.581540 -1.198078
2.661270 1.958801 -1.995881
2.678100 0.444184 -1.464038
2.694630 -2.328598 -1.578987
2.720120 -3.716085 -2.786740
2.727850 -3.918623 3.949964
2.743660 -3.504799 10.119513
2.760040 -2.462698 20.193709
2.776730 -0.178847 27.731812
2.793120 3.136048 31.037573
2.809410 3.481520 28.754029
2.834400 1.016106 20.546991
2.842390 -0.467877 9.384969
2.858710 -0.996854 -0.096013
2.875080 -3.007835 -1.870644
2.891590 -5.814518 -3.432834
2.907940 -3.769018 0.120147
2.924450 -1.166763 2.814798
2.940620 0.087032 6.247767
2.957320 -0.352922 6.683337
2.973510 0.937308 5.244806
2.989890 2.260238 2.891847
3.006500 1.985042 0.816548
3.023250 0.708629 0.619038
3.049740 -0.167413 -1.439746
3.055500 1.388968 -0.821442
3.072310 0.308601 1.105729
3.088490 0.971312 1.699936
3.104850 1.388325 -1.844698
3.121570 -0.068607 -4.872285
3.137930 -0.825280 -6.028487
3.156070 -1.584978 -5.049118
3.170780 -1.338235 -3.363447
3.187140 -0.450419 -0.430867
3.220210 0.867287 3.697617
3.236500 0.263708 6.192156
3.253120 -2.179115 5.657485
3.282200 0.657454 1.108259
3.285660 -6.700409 -0.593042
3.302130 13.225664 -3.126957
3.318500 39.690127 -6.840423
3.335040 62.081879 -10.233952
3.351340 69.387527 -9.258814
3.377060 61.651175 -5.802185
3.384240 42.149197 -2.434217
3.400620 18.533449 0.617603
3.417260 -1.611083 2.698338
3.433670 -13.610685 1.676106
3.450050 -0.635387 -0.595353
3.466550 -0.228910 -1.426122
3.489270 0.220908 -0.860066
3.501560 -1.420021 1.164661
3.515630 -0.566834 2.479442
3.532010 1.430635 3.491962
3.548840 0.600079 4.158404
3.565250 -1.759719 2.004859
3.581440 -3.990290 0.955964
3.597730 -5.576913 0.900172
3.614300 -4.668148 0.045699
3.630730 -2.853620 -0.446859
3.646970 -2.272791 -0.112092
3.663780 0.069725 0.500158
3.680050 1.460888 0.625789
3.704460 0.587444 0.681241
3.712720 0.874492 -0.656699
3.729270 0.473391 -1.272439
3.749290 -0.189052 -2.848878
3.762180 0.436005 -3.602240
3.778690 1.858183 -4.124965
3.795170 1.556657 -3.334665
3.813080 2.396863 -1.892475
3.828060 2.546315 -0.128768
3.844250 1.468719 1.815181
3.860630 -1.641578 2.458197
3.877120 -5.323048 1.917270
3.893860 -5.939315 0.834348
3.910050 -3.633145 2.048469
3.926360 -2.280894 3.242984
3.943150 1.991622 0.800848
3.959410 7.409025 -2.859346
3.975760 12.218888 -6.755749
4.008680 12.546464 -10.565643
4.030060 9.181421 -13.591826
4.041420 6.193811 -13.386683
4.057750 4.227379 -8.675811
4.074410 2.465376 -2.797503
4.090950 0.305565 -0.829102
4.107280 0.840452 0.958809
4.123630 -0.486824 4.449752
4.140960 -1.750234 4.738815
4.156540 -0.868258 3.865261
4.172750 2.167020 3.130350
4.189250 5.825227 2.767267
4.205780 8.163920 3.612535
4.222370 8.499035 4.402478
4.238670 6.975279 3.565602
4.259770 4.827024 2.982122
4.271480 1.064901 -0.261576
4.287930 0.060720 -2.500942
4.304630 -0.047315 -1.776870
4.320820 -2.083736 0.312082
4.337200 -2.538523 1.797816
4.360340 -1.774594 2.861400
4.370000 -0.825432 1.173144
4.386360 1.317436 -0.786824
4.402740 -0.135204 -1.230293
4.419540 13.482461 -0.022519
4.435910 0.000884 1.420157
4.452290 -32.644540 2.033017
4.468610 -66.829935 -1.380432
4.485050 -81.449557 2.371765
4.501370 -77.984231 4.196340
4.517750 -57.530214 4.188013
4.534260 -26.059776 2.666698
4.550640 4.718947 -1.418441
4.578350 23.358850 -4.532903
4.599910 7.035560 -6.594027
4.616490 0.620006 -5.293745
4.633000 -2.370662 -2.218348
4.649570 -0.455333 2.822432
4.665990 -3.850605 -2.285024
4.686310 -5.270462 -3.551428
4.698670 -1.562986 -3.326150
4.714870 3.112651 -0.306823
4.731380 9.071626 2.661390
4.747860 12.349717 4.001116
4.764600 13.000140 3.545259
4.780990 8.974908 3.029706
4.797080 4.226524 1.157613
4.813710 -0.063345 -0.824140
4.829900 -3.055235 1.121046
4.846380 -2.994984 0.698601
4.862980 -3.401688 -1.070675
4.879380 -1.445806 -3.384358
4.905200 -0.959573 -3.992943
4.917690 -0.857855 -4.025940
4.928630 -1.416187 -3.204128
4.945050 1.064823 -1.788341
4.963440 1.729604 2.402264
4.977920 2.073661 5.335510
4.996230 4.229582 3.340527
5.012930 3.072271 3.589226
5.043480 2.086685 1.775651
5.059860 0.514754 -0.963226
5.076710 0.397043 -3.238146
5.093030 0.715997 -3.082095
5.109600 1.565222 1.977727
5.126870 -0.628823 5.492513
5.142010 -0.813182 -4.384630
5.158490 -2.090591 -16.144442
5.174850 -2.479915 -28.523887
5.191710 -0.655100 -36.957892
5.207920 0.530177 -35.327960
5.233100 -0.154592 -27.173660
5.240410 -0.808707 -13.230247
5.256900 -0.454615 0.780980
5.273670 0.445642 4.111465
5.290050 0.957058 0.482698
5.306370 -0.774291 1.428663
5.322730 -0.274389 0.337225
5.342450 0.472289 1.418298
5.355790 1.470993 -1.486072
5.371990 1.374621 -2.238658
5.388500 2.123275 -0.024927
5.404860 1.730733 3.725724
5.438100 -0.164814 4.844892
5.454230 -2.039987 5.002594
5.470630 -2.790652 2.249818
5.486950 0.456788 -1.212307
5.503430 2.034843 -2.922438
5.536690 1.558491 -2.141194
5.560570 1.173930 1.381606
5.585610 1.877486 2.735511
5.601990 3.267770 2.857158
5.618640 3.309496 0.246910
5.634980 1.874788 -2.163059
5.651520 -0.017339 -2.616860
5.670440 -0.192126 -2.490725
5.684270 0.327238 -2.233578
5.700600 -3.226074 5.412749
5.733860 -8.631519 10.193186
5.750220 -10.940862 22.875846
5.791760 -9.814566 31.909576
5.799170 -6.084638 34.407355
5.815610 -2.197715 28.718398
5.831990 2.828213 18.128968
5.849120 5.362369 5.873838
5.865230 4.825662 -1.705550
5.892010 -0.819376 -2.722516
5.899510 -3.095683 -4.605682
5.914100 -1.156427 1.463767
5.930480 0.560984 2.042732
5.947340 0.776743 4.159297
5.963840 0.419381 4.252853
5.980090 1.697810 2.011101
5.996570 2.067761 -1.773848
6.012770 2.896839 -4.753246
6.029140 2.211863 -6.183333
6.045650 1.227630 -6.021393
6.062020 1.175377 -3.405673
6.078520 0.820820 -0.373770
6.095310 0.668424 1.545431
6.111430 1.667490 1.653988
6.127560 1.610045 2.388031
6.144050 1.444480 7.970890
6.160580 0.788644 10.998469
6.177120 -0.938229 -1.922854
6.193770 -3.114416 -19.078946
6.210900 -1.957382 -36.442255
6.226520 0.291157 -44.765698
6.242970 2.682993 -42.000341
6.259140 4.777261 -29.421987
6.275730 4.819644 -12.274221
6.292340 4.216998 1.471502
6.308670 0.989220 4.034450
6.324790 -1.559954 0.183558
6.341660 -3.152136 0.927748
6.357910 -1.423162 2.175944
6.374280 -0.044530 5.967966
6.390790 1.541792 7.112486
6.407150 2.820929 6.023712
6.432050 2.712499 3.440386
6.439800 2.559656 1.485717
6.456310 0.393261 -2.041885
6.472890 -1.393732 -2.693766
6.489460 -3.475775 -0.398324
6.505750 -3.861885 2.093447
6.522100 -3.429510 2.320846
6.543310 -3.268027 1.436578
6.555130 -0.663767 -0.019078
6.571350 2.122251 -1.232975
6.587730 7.370940 -7.563796
6.604500 2.128526 -4.819957
6.620770 -2.825464 12.199020
6.637020 -5.464876 29.174948
6.653950 -7.524734 38.981224
6.670010 -8.468032 39.869557
6.686390 -7.003475 31.491501
6.702900 -3.182231 16.836981
6.719330 -0.816980 3.020920
6.735740 0.619321 -8.220661
6.761940 -2.358141 -4.954651
6.768490 0.667986 -1.100070
6.784740 2.507955 -0.416889
6.817890 3.522332 -0.204783
6.834240 4.626004 0.722518
6.850930 6.427355 1.473816
6.870930 5.558014 2.183967
6.883750 2.769546 1.845266
6.899860 0.286856 -1.782492
6.916230 -1.800695 -2.515012
6.933080 -2.524930 -2.463593
6.949460 -0.267832 -1.700774
6.965760 1.200899 -0.037541
6.982560 1.836236 0.366736
6.998650 1.334029 1.738674
7.015030 -0.462735 2.933520
7.031310 9.297534 17.597705
7.050030 1.426758 3.610668
7.064640 -14.663425 -21.965286
7.087910 -30.423302 -47.071130
7.097090 -40.094195 -62.614868
