0.000000 67.243145 36.638649
0.016430 52.219456 27.066537
0.032970 26.520823 12.277491
0.063510 -0.307026 -2.498596
0.066760 -15.633363 -11.121976
0.081890 -0.894044 -2.008799
0.098220 -1.207919 -0.030436
0.114780 -2.187030 0.986488
0.131110 -2.498114 1.517613
0.147610 -1.580469 1.565976
0.163860 0.089447 1.241217
0.180370 2.052486 1.244384
0.199150 2.819213 0.903456
0.213620 0.996249 -0.589586
0.229790 -1.514346 -1.819222
0.246700 -3.599161 -2.472951
0.279380 -4.501393 -2.559708
0.295760 -2.517842 -0.644711
0.312030 -1.777477 0.873844
0.328670 -0.427249 1.500101
0.345120 0.634466 2.812479
0.361340 1.871023 0.050011
0.377640 -0.671371 -4.912270
0.394460 2.710214 -7.556667
0.421470 -6.206711 -8.860353
0.427120 -19.417970 -9.253168
0.443470 -31.201430 -7.525388
0.459960 -36.486776 -5.229454
0.526920 -31.948932 -2.952740
0.542250 -21.220420 -1.832679
0.558460 -6.805037 -3.333168
0.574840 3.206212 -1.864375
0.591510 9.597056 -0.550605
0.608030 0.890638 -0.421713
0.624380 -2.198450 0.967844
0.644590 -5.262479 2.438113
0.657140 -4.743254 1.729411
0.673370 -3.824252 0.052062
0.690280 -2.309673 -1.851661
0.706630 -0.244257 -0.817601
0.725010 0.675539 -0.262158
0.746160 1.371130 0.003166
0.755590 0.602980 1.429550
0.772030 1.354204 2.708189
0.788460 0.415355 2.548147
0.804970 0.610630 1.634232
0.821660 -1.009206 1.608349
0.837970 -0.552947 0.898520
0.870810 -0.078236 0.564656
0.887120 1.102328 -1.324919
0.903500 0.388462 -1.972129
0.920300 -0.324392 -0.863087
0.936720 -1.542858 0.299659
0.970280 -4.959031 2.023528
0.985580 -7.779352 3.815737
1.018390 1.121597 3.922194
1.034970 6.754224 2.367315
1.051590 24.506224 0.996352
1.073170 44.345518 -1.824030
1.084240 56.116865 -4.214234
1.100780 57.716524 -6.661175
1.117110 46.665816 -8.012432
1.133510 28.093068 -7.355034
1.150070 10.518808 -6.474251
1.166610 0.814384 -5.119964
1.182670 -8.052839 -3.552036
1.199390 0.074860 -2.024296
1.215770 0.643519 -0.496500
1.232090 1.581092 2.031753
1.248680 1.369874 3.805745
1.265210 4.500845 6.415252
1.291790 3.797833 6.247129
1.314190 -8.301086 2.246900
1.332860 -19.310170 -2.164634
1.347370 -33.630957 -5.478340
1.363730 -43.312273 -6.045035
1.380260 -45.044695 -5.023779
1.399280 -36.544708 -2.946226
1.412720 -22.449345 -0.923018
1.429230 -7.210806 1.028916
1.462360 -1.797724 1.103935
1.478620 -1.083732 0.890775
1.495230 1.844310 1.225182
1.511280 -0.865329 1.538724
1.527740 -2.461321 0.486714
1.544200 -4.331165 1.507683
1.560570 8.088527 2.000688
1.577220 18.313802 1.053878
1.593740 36.335591 1.015439
1.619830 51.313903 1.675722
1.626280 56.761370 2.953995
1.642650 51.702378 3.131555
1.659210 37.727958 3.236053
1.692070 17.375140 2.604130
1.708450 3.005575 1.826519
1.724780 -3.152953 -1.697358
1.741340 -8.550088 -4.187768
1.757710 -1.552108 -4.396794
1.774220 -0.475038 -4.060940
1.790580 1.382440 -2.735507
1.807240 3.446210 -1.646341
1.823730 6.565341 -1.579829
1.839710 7.121112 -3.408110
1.856610 -3.904694 1.348503
1.872610 -9.967917 4.158871
1.889320 -29.836327 13.956952
1.905940 -50.770446 24.159544
1.922100 -62.194823 30.229238
1.944130 -60.383796 29.956864
1.955060 -45.903116 22.438855
1.971370 -23.426435 12.665516
1.987850 -7.525944 2.100332
2.011100 1.705339 -2.788315
2.020610 9.330433 -6.319404
2.037120 0.433417 -2.509755
2.053360 1.033048 -1.037985
2.069860 1.207606 1.631040
2.086360 2.058278 4.330715
2.102730 3.310576 5.604999
2.119230 -4.209251 4.961739
2.135600 -4.434337 2.158429
2.152110 13.947155 1.433315
2.168530 34.406702 -0.040106
2.184970 51.536053 -1.082587
2.201350 57.448284 0.284441
2.217700 49.601117 0.557067
2.234550 32.772343 0.674581
2.254810 12.501417 0.853932
2.272240 -1.596000 1.537316
2.283430 0.437844 1.665496
2.299800 5.008202 0.866302
2.316640 3.986980 -0.262219
2.333050 1.761849 -1.639002
2.349510 -1.424445 -2.593457
2.365940 -1.865546 -3.731340
2.385520 -0.484668 -3.163802
2.398590 -0.098706 -0.876560
2.414810 -1.497861 1.861309
2.431180 -3.693476 3.355528
2.447560 -2.531277 3.771345
2.464130 2.591810 6.833642
2.480850 5.488710 4.463855
2.497330 -2.387187 -5.976335
2.521100 -10.189263 -14.972086
2.529850 -27.512506 -23.910731
2.546270 -43.927863 -31.852718
2.562740 -51.505574 -35.089557
2.579350 -47.656667 -31.012819
2.602260 -34.286342 -21.021640
2.612220 -18.261263 -10.269000
2.628810 -8.597903 -5.113331
2.644940 -1.777947 -0.371336
2.661640 6.879468 5.296502
2.678030 3.914506 4.820938
2.694370 4.771084 4.047758
2.710640 3.433811 3.986049
2.743450 0.154877 3.744330
2.759810 -2.335133 2.018005
2.776640 -3.165475 0.125215
2.792850 -1.895811 -0.428171
2.809280 1.790983 -1.935344
2.842010 2.354039 -2.536216
2.858470 0.210328 -2.144705
2.874770 -1.807185 -2.509346
2.893390 -13.038448 -3.593350
2.907730 -5.355754 -3.975207
2.926360 17.085061 -1.870814
2.940590 39.137144 1.559361
2.957100 55.837141 5.023725
2.990140 61.189481 6.744135
3.006470 53.371081 7.678169
3.022810 33.676610 6.240085
3.039260 10.384148 2.557908
3.055900 -6.960768 -0.102819
3.072070 -3.182629 -0.521899
3.088420 -3.241010 0.241968
3.105030 -4.211776 0.299163
3.121460 -1.798258 0.486061
3.150280 -0.651842 0.691524
3.156280 5.411713 0.832318
3.170570 2.642100 1.459208
3.187080 -11.893280 0.555366
3.203450 -25.926090 -1.554390
3.219830 -41.936972 -2.666427
3.236340 -52.846217 -2.890461
3.257640 -53.579278 -2.300607
3.269300 -42.924803 -1.268861
3.285420 -24.238128 -0.392846
3.301930 -6.744275 0.054689
3.318410 -0.582363 -0.656669
3.334790 2.433917 -2.607723
3.351650 6.086717 -3.118363
3.367650 2.802767 -2.582031
3.384220 2.011483 -3.703094
3.400780 0.807399 -5.647245
3.416950 1.119223 -6.109792
3.433850 0.223238 -5.405245
3.450140 -0.325188 -4.160855
3.475650 -0.488088 -0.547307
3.482620 -1.940682 3.141446
3.499350 -2.226086 5.578472
3.515730 -1.895381 5.673807
3.531910 -1.667812 4.659446
3.548610 -0.676264 4.276425
3.564990 1.110618 4.966762
3.582990 1.540123 4.744192
3.597820 2.685433 4.267003
3.614180 1.656862 4.321001
3.630550 0.255177 2.423948
3.647260 -1.569512 1.242573
3.663580 -2.544167 -0.198834
3.679790 -2.555651 -0.505624
3.696280 -2.104552 -0.475906
3.712730 -1.053008 -0.578103
3.729190 -0.408320 -0.683221
3.745510 -0.811695 -0.609210
3.761840 -0.572274 0.002436
3.778560 -0.404158 0.930628
3.803000 1.111235 1.177247
3.811260 2.245195 0.902691
3.827680 2.559997 -2.960446
3.844180 0.795680 -3.484851
3.876920 -0.606932 5.849347
3.893420 -1.238128 17.547651
3.918820 -1.181232 27.449680
3.926640 -0.853923 31.811673
3.942730 -2.272423 28.883426
3.959220 -1.991899 17.952271
3.975880 -1.610777 6.605366
3.992290 0.511347 -1.272774
4.008430 0.681441 0.754242
4.024830 0.722963 3.101064
4.041660 -0.334598 1.542247
4.057690 -2.017383 0.317040
4.074180 -3.246305 -1.932594
4.091170 -3.477299 -2.103198
4.130630 -1.173879 -0.598549
4.139830 1.973553 3.507029
4.156140 3.149742 4.289798
4.172630 1.724254 2.214878
4.189400 -3.436854 -1.337095
4.205780 -6.735849 -2.242912
4.222160 6.357289 -3.463680
4.240490 20.071089 -3.293757
4.254980 40.202524 -2.873068
4.271170 55.774289 -2.415520
4.287540 59.788760 -1.754492
4.304410 48.818941 -1.028973
4.320900 29.872130 0.232952
4.337280 10.162047 1.698538
4.362300 -0.331599 3.135505
4.369770 -0.519404 2.405894
4.386490 -3.287582 1.258595
4.402860 1.979314 0.063917
4.419800 1.935162 -0.385284
4.437810 1.744582 -1.887197
4.458130 1.739359 -2.137398
4.468700 1.757449 -1.262307
4.484660 -0.636671 1.247068
4.501300 -2.175091 1.700524
4.517990 -2.185590 1.544904
4.534210 -3.012095 3.650124
4.550770 -3.335305 3.787314
4.566860 -0.584329 -5.910356
4.583570 3.288885 -13.957510
4.600150 4.314439 -23.572739
4.616440 2.755990 -30.746195
4.632840 1.282661 -33.167525
4.649410 0.763093 -29.663625
4.675720 -0.864045 -20.407387
4.681720 -1.705213 -10.798985
4.698360 -0.270594 -6.228549
4.714950 1.822523 -3.712580
4.731620 2.387962 1.432333
4.747800 1.161342 0.476379
4.766410 0.094083 1.721139
4.785880 -1.158038 2.379159
4.797170 -2.886837 2.450984
4.813420 -3.787424 1.749369
4.829780 -2.795590 1.746929
4.846660 -0.590465 1.515399
4.863040 0.809989 1.330509
4.879070 1.863245 0.215772
4.895500 2.748303 -0.641630
4.912070 0.424199 -1.294208
4.928700 7.070795 -2.480226
4.944960 -0.781083 -0.531897
4.961510 -22.538087 0.810248
4.977790 -45.240041 0.230583
5.003990 -61.434724 2.241569
5.010360 -65.702737 3.146148
5.026870 -56.092368 2.356039
5.043600 -36.712024 0.733027
5.059970 -13.330403 -0.710692
5.076480 5.799192 -0.625646
5.092840 3.407198 0.890335
5.111240 1.603260 0.165869
5.125720 2.802182 0.377454
5.141910 1.417391 2.540546
5.158420 -0.624781 1.661209
5.175140 -1.612459 2.279588
5.191610 -1.615477 2.249139
5.207820 0.138554 1.406491
5.224010 1.142371 0.318508
5.256950 1.534793 -0.157350
5.273670 1.525435 0.189730
5.289940 0.956905 0.568115
5.308060 0.102708 1.758813
5.331630 -0.195645 1.854924
5.339000 -0.703609 2.563879
5.355430 -0.706897 1.891287
5.372070 -0.329465 1.904190
5.388370 0.156392 0.360358
5.404750 0.464286 -1.140008
5.421460 0.367352 -2.676354
5.441120 0.319327 -3.770858
5.454290 0.210837 -3.313912
5.470540 -1.120421 -2.559415
5.486920 -0.911569 -1.075732
5.503730 0.118143 -0.293573
5.519940 0.904871 0.575708
5.536480 0.969568 0.191577
5.552650 -1.348415 1.334201
5.569240 -4.167098 2.355571
5.586040 -6.733744 1.069169
5.602270 -7.730219 0.520966
5.618770 -6.206186 0.655129
5.636440 -2.288615 2.021215
5.659360 0.787149 3.616622
5.667790 3.357743 4.227874
5.684040 3.460951 3.444667
5.700710 1.900405 2.191970
5.717090 0.830178 -0.316368
5.749960 0.185248 -4.096484
5.768890 0.491141 -5.195373
5.782840 -0.961719 -5.627626
5.798900 -2.184411 -2.305544
5.815410 -2.926392 0.955256
5.848760 -2.990417 3.131186
5.864820 -2.277024 4.539676
5.897810 -2.008343 4.786468
5.914030 -1.643747 3.174080
5.930890 -0.984852 1.371137
5.949070 -2.028971 0.106683
5.965640 -3.546419 -0.159369
5.986740 -3.353010 0.898318
5.996440 -2.424839 0.412172
6.012470 -1.527273 0.483436
6.029030 -0.047881 1.819882
6.045860 1.395647 3.140058
6.062230 3.409464 4.210578
6.078740 3.469088 4.859926
6.096480 1.710459 3.988837
6.111450 -0.432204 2.468861
6.127660 -2.438954 2.425711
6.144020 -2.083028 -0.367861
6.160870 -0.132946 -3.890093
6.177280 2.813736 -4.887146
6.193790 4.107530 -4.774681
6.211090 3.810766 -3.970672
6.226400 2.124941 -3.266000
6.242680 -0.467240 -1.319017
6.258970 -3.119962 1.273478
6.275540 -4.008651 2.842739
6.291900 -3.193654 0.946043
6.310070 -2.553507 0.105287
6.324970 -1.928285 -0.201173
6.341290 -0.940113 -1.591131
6.357670 0.580000 -3.229426
6.374050 1.024995 -2.465512
6.390750 0.443971 0.274477
6.407110 0.566182 2.720508
6.423340 1.574602 3.475432
6.439800 0.764762 3.234415
6.456180 -0.940001 2.207884
6.472660 -2.705209 0.860630
6.489360 -2.966948 -0.230124
6.505970 -2.206517 -0.618756
6.532720 -1.801490 0.762207
6.538190 -0.383110 0.072089
6.554770 2.041379 -1.177219
6.571140 2.444338 3.709416
6.587810 -0.572802 7.652253
6.604060 -0.687615 17.458564
6.640080 1.172200 26.605506
6.653440 4.396798 31.099483
6.669820 4.774656 28.071716
6.686180 4.529638 20.825084
6.702690 5.478919 11.664657
6.719070 2.637297 3.844062
6.735760 -1.862026 0.557810
6.751850 -4.612113 -2.999254
6.768440 -3.494047 0.499697
6.784810 -2.045481 0.454303
6.801300 -3.266044 1.108362
6.817700 -3.138556 1.910020
6.833980 7.529336 0.826740
6.861480 9.786166 -1.845768
6.866710 24.739303 -7.511235
6.883190 44.352743 -9.127990
6.899800 58.754318 -8.361660
6.916180 57.821791 -4.667515
6.932880 44.154672 -1.623358
6.949260 22.734182 -0.422514
6.969990 6.934582 -1.109268
6.982200 -4.460076 -1.696015
6.998410 -12.546635 0.247383
7.014770 0.395278 1.040813
7.031490 23.829798 16.812952
7.048000 4.109700 4.357688
7.064380 -35.711186 -20.378772
7.080650 -70.501315 -45.484073
7.097080 -90.948298 -59.918133
