0.000000 62.535250 24.855801
0.016460 47.578935 18.293634
0.032880 23.239339 8.299376
0.049390 -2.171763 -1.327122
0.065630 -14.703080 -7.148443
0.081950 1.351244 -0.747345
0.098330 2.169256 0.476836
0.114680 -0.071943 0.325070
0.131180 -1.486049 -0.323849
0.147540 -2.472738 -0.259960
0.166100 -0.971183 1.589574
0.180980 -0.399330 3.200380
0.197020 -0.530541 3.826911
0.213510 0.104742 3.418636
0.230260 0.482048 2.529115
0.246440 1.422612 0.149980
0.263100 0.753867 -2.852003
0.280180 1.564071 -3.234474
0.295600 1.610837 -3.262650
0.314410 1.941654 -1.507117
0.328890 0.750768 -0.428753
0.345260 1.501374 0.356277
0.361400 0.915903 0.663647
0.388030 0.036004 -0.580245
0.394270 -0.509006 -1.652191
0.410840 -0.348254 -1.416033
0.427020 -2.929745 -0.939465
0.443710 -0.488000 0.912110
0.459880 -7.899761 0.481120
0.476550 -20.278383 -1.772598
0.494220 -30.908447 -3.688454
0.509490 -36.140059 -5.166644
0.525760 -32.717984 -5.684529
0.542270 -24.033019 -4.337751
0.558840 -13.473009 -2.544590
0.575240 -2.952678 -0.345341
0.591690 5.592162 1.468172
0.607690 0.656128 0.035690
0.624190 -1.085170 -0.127490
0.640440 0.331446 0.467552
0.673480 0.730833 0.034808
0.689920 -3.413929 2.050595
0.710080 -0.558109 -1.165171
0.722930 6.588139 -5.362446
0.739490 15.145918 -8.268820
0.755690 16.704114 -9.754035
0.772050 15.296269 -8.958210
0.788560 11.982733 -5.898870
0.804930 8.074513 -2.119544
0.821230 1.856190 0.754815
0.837810 -2.205584 1.530511
0.854180 0.215976 -1.838373
0.870690 -7.034419 -2.239393
0.887050 -6.960369 -1.370316
0.930710 7.471628 0.757640
0.936080 26.742661 2.579105
0.952620 43.166305 3.304358
0.969420 53.819261 2.654194
0.985810 53.163194 0.970057
1.002200 40.980315 -1.353491
1.018640 22.269065 -2.607936
1.039870 5.358544 -3.645411
1.051430 2.622746 -2.034394
1.067780 1.223568 -0.079594
1.084160 -3.717136 2.188853
1.100800 -3.449389 1.780551
1.117140 -2.460519 0.904366
1.133880 -2.175926 -0.095638
1.149990 -2.303245 -0.598923
1.166440 -1.921550 0.756784
1.182950 0.356889 -0.086548
1.199330 2.827870 -0.581131
1.215770 4.520414 -1.570210
1.232170 6.105218 -2.666685
1.264880 6.212247 -4.020321
1.281270 4.592008 -2.866099
1.297770 2.679606 -1.513264
1.314250 0.089581 0.559207
1.330680 -2.701005 -3.538435
1.347060 -0.295587 -0.036379
1.364070 0.405483 11.871388
1.380040 -0.283277 23.672104
1.396300 0.350002 30.988389
1.412920 0.746903 31.367116
1.429290 0.859421 24.858612
1.445800 1.583538 12.873310
1.462170 1.561021 0.449781
1.478360 2.324723 -7.154182
1.494930 4.706642 -3.168653
1.511300 1.531599 -1.627185
1.528140 -1.357845 -0.337460
1.544300 -1.027639 -0.316152
1.561000 -0.462832 -0.963886
1.586600 1.448261 -2.093379
1.593520 2.889840 -2.372249
1.609700 0.327824 -0.846524
1.626330 -1.473861 1.015088
1.642810 -2.329070 2.284308
1.659470 4.641644 3.069307
1.675670 4.443036 4.411654
1.708430 -11.737006 3.162180
1.724930 -29.515560 1.513041
1.741420 -51.693149 0.336081
1.757920 -67.028137 0.341562
1.774170 -67.781319 0.360609
1.790810 -51.593658 0.463182
1.807150 -27.573901 0.541623
1.823550 -5.737100 0.990096
1.840170 -0.608680 2.378528
1.856390 0.659162 1.097074
1.873120 4.559474 -0.129139
1.889470 -0.048701 0.557099
1.914730 1.174557 0.789074
1.922130 2.598084 0.552838
1.938380 1.805272 0.732512
1.954900 0.883675 0.114106
1.971590 0.706863 -0.752258
1.988120 0.293384 -1.407439
2.004460 -0.500283 -1.730862
2.022710 -1.224019 -1.459792
2.037220 -5.285026 0.257603
2.053600 -0.427186 1.024939
2.070090 -2.377137 2.937725
2.086280 10.374140 2.976218
2.103090 33.434711 -0.861010
2.119460 55.141895 -3.525244
2.135760 66.665788 -4.640930
2.152290 64.654843 -3.935877
2.168500 50.532019 -3.254066
2.203540 27.838501 -1.642305
2.218120 8.645802 -0.085788
2.241850 -9.226864 0.196605
2.250790 -7.059128 -1.875641
2.267010 -5.810928 -2.680824
2.300000 -2.932159 -1.677008
2.316600 -0.384803 -0.499768
2.332870 2.250360 0.613607
2.350200 3.295569 0.937192
2.365630 1.503564 2.842347
2.398370 -0.546285 2.989271
2.414870 4.782821 2.624960
2.447920 6.204785 -2.770061
2.464720 -19.947046 0.097269
2.499050 -28.259292 12.230220
2.513900 -44.336852 7.790711
2.546210 -55.472557 -6.030392
2.569160 -56.896397 -21.026680
2.776270 -45.493742 -31.937776
2.794080 -26.215952 -36.588828
2.809100 -7.902109 -31.631061
2.825490 -6.059462 -18.118587
2.844300 -5.124350 2.998009
2.858660 4.359587 11.035122
2.875160 -0.422930 2.131402
2.896840 18.209389 0.098026
2.908000 36.739173 -2.483635
2.924130 51.570245 -3.675760
2.940500 55.629444 -3.624855
2.957000 48.734774 -2.056956
2.973380 32.303368 -0.308239
2.990050 12.253001 0.365007
3.007460 -4.786421 0.199177
3.022750 -3.666375 -0.057265
3.039130 -1.218135 -0.328105
3.055850 -0.754970 -0.100883
3.072260 1.591760 1.373191
3.088640 2.591198 1.845331
3.111180 1.714984 1.951089
3.121210 2.266840 0.648649
3.137790 2.659348 -0.311914
3.154160 2.610275 -0.338218
3.170620 3.326240 -0.195258
3.187360 3.616837 -0.674497
3.203540 2.520077 -0.795107
3.222560 0.399601 0.300158
3.236430 -0.363958 1.943244
3.252930 3.524910 1.819626
3.269390 6.589733 1.746936
3.285680 -5.743993 7.282622
3.302170 -13.253568 10.209417
3.318550 -34.248576 17.108875
3.334850 -53.629767 23.744957
3.351230 -62.748440 26.772696
3.367740 -58.738957 24.288350
3.384360 -42.875051 17.093790
3.401640 -22.334231 7.855304
3.419250 -8.418501 1.885848
3.442450 -0.263706 -1.327482
3.450610 6.274972 -4.139913
3.466260 -1.803261 -0.599565
3.482730 -0.251707 -0.469299
3.499290 -0.027435 -0.613569
3.515860 0.901480 -0.489486
3.532340 2.318793 0.410052
3.558110 2.486848 0.393116
3.564940 1.897820 0.258510
3.581420 0.717281 0.111570
3.597930 0.333620 0.503695
3.630680 0.236211 -0.098113
3.647170 -0.434469 -1.323536
3.663350 -1.207148 -1.752193
3.679710 -0.290166 -1.431941
3.696100 -0.359192 -1.464818
3.712920 -0.222936 -1.045971
3.729590 1.494183 0.721922
3.745780 3.392448 2.418727
3.770070 4.705018 3.572261
3.778370 4.294792 2.767505
3.795060 3.102583 1.690850
3.811050 1.872842 1.599425
3.828000 0.741340 0.256530
3.844300 -1.394269 -1.680751
3.860680 -1.583564 -2.286259
3.877680 -1.089070 -1.931434
3.893550 -0.448598 -0.939168
3.910060 -0.052248 -1.081700
3.926520 -0.272712 -1.226552
3.942870 -0.319983 -0.679713
3.959270 -1.917782 -0.045349
3.975690 -2.765428 -0.315054
3.991980 -1.808386 0.095504
4.008440 0.216900 0.840882
4.024870 1.314852 1.630280
4.041600 4.670186 0.660100
4.057830 0.840946 1.228768
4.074260 -4.708310 4.405695
4.094020 -9.103386 7.974489
4.107030 -11.883007 8.089928
4.123360 -11.764751 6.754408
4.139720 -9.452208 3.204177
4.156410 -5.917458 -0.739318
4.173070 -1.645925 -3.427238
4.191360 0.579199 -4.613225
4.221980 -2.233352 -2.232397
4.238220 -1.026838 -1.551419
4.255230 -0.407062 0.689738
4.271560 -1.227475 1.431779
4.287940 -2.138309 3.220734
4.304460 -1.554062 2.943065
4.320860 -2.264233 2.433382
4.336900 -2.643476 1.280812
4.353240 -3.429181 -0.351297
4.370220 -2.903794 -1.688084
4.386490 -6.146895 -1.112337
4.402770 -4.121883 3.386378
4.422040 8.583400 -1.217805
4.435530 14.867358 -5.204341
4.451930 34.111817 -15.629825
4.468410 52.994833 -23.908971
4.484900 64.297205 -26.382159
4.501280 61.004366 -25.728455
4.517650 45.904725 -20.018080
4.534270 24.428713 -11.308189
4.550530 9.599130 -5.408527
4.567030 -1.806053 -4.127402
4.583690 -8.544296 -0.983462
4.600220 1.213957 -2.740464
4.616260 2.439484 -0.474276
4.632580 3.073931 -0.411824
4.649120 0.590001 -0.046343
4.665570 -1.044212 2.455451
4.682010 -3.269965 3.845670
4.698480 -4.006425 3.725017
4.714980 -3.569464 3.740317
4.731540 -4.028162 2.447834
4.764300 -4.050023 0.868509
4.780670 -2.145765 -0.283340
4.797160 -0.397225 -1.142538
4.813550 0.446448 -0.749129
4.830120 1.736380 -2.275183
4.846310 2.341984 -2.435409
4.862540 2.023048 -1.666745
4.879290 0.534210 0.168521
4.895660 -1.952161 0.838786
4.912320 -2.659727 0.968446
4.928600 -2.777064 -0.073509
4.945640 -2.051422 -0.171005
4.971330 -0.960054 0.702885
4.977730 0.441200 1.540919
4.993980 1.226804 2.764074
5.010480 1.148267 2.693941
5.027310 1.178319 1.267828
5.060230 0.643144 -0.718230
5.084580 0.673341 -1.775020
5.092720 2.029059 -2.815532
5.109290 -1.782357 0.136349
5.125670 2.997433 -1.520615
5.142160 -8.422430 4.269964
5.158420 -30.556910 15.203083
5.175040 -51.416321 25.370695
5.192830 -61.477300 30.013871
5.207760 -57.853819 27.971275
5.224100 -42.007589 19.298515
5.240390 -20.002450 9.600879
5.257130 -1.232873 1.036361
5.273360 11.897644 -4.395174
5.299060 3.529640 -0.396239
5.306370 -1.612046 2.505636
5.322540 -2.495497 2.991536
5.355480 -0.356414 2.164807
5.372170 0.089301 1.084814
5.408420 0.000203 0.260741
5.421390 -0.033950 0.524894
5.437770 -2.447334 -1.418912
5.454140 -3.431215 -1.925620
5.470660 -3.565245 -2.215720
5.487120 -3.534583 -0.581091
5.503520 -1.568641 -0.838044
5.522540 -0.694043 -1.575387
5.536510 -1.974459 -1.855101
5.552680 -3.284292 -1.908114
5.569220 -4.631439 -2.459043
5.585650 -3.770595 -2.329623
5.602180 -1.342371 0.115874
5.624530 0.515501 2.227129
5.651250 -5.182976 7.269140
5.667810 -1.436463 5.496907
5.707530 14.209308 -3.555404
5.717120 26.683340 -12.913075
5.733910 42.521124 -22.306817
5.750030 55.016336 -26.660264
5.766410 57.267543 -24.049217
5.782740 46.638108 -16.454119
5.799280 29.296555 -6.239521
5.815650 11.681555 2.328150
5.832160 7.448644 2.016150
5.848450 2.041820 0.772866
5.864730 -3.697166 0.773867
5.881110 -1.934809 -0.016968
5.897720 -1.598720 0.048099
5.914460 -1.108493 0.259777
5.930730 0.561522 0.304437
5.955800 2.165800 0.153119
5.963310 3.307494 -0.987423
5.979740 3.834061 -2.042972
5.996230 3.147316 -2.351536
6.012910 1.878341 -2.115417
6.045760 -0.905302 -1.242117
6.063180 -2.177579 -1.017396
6.078700 -3.986869 -0.431600
6.094890 -3.462684 -0.495437
6.111550 -2.239203 -1.108560
6.127940 -0.215270 -0.782884
6.144420 3.090981 0.025417
6.160830 3.970480 2.229836
6.178550 5.921325 0.342178
6.193210 7.938940 -3.152336
6.209530 9.790859 -6.538791
6.226580 10.369062 -9.178328
6.242940 9.270627 -9.471455
6.259220 5.622675 -7.259944
6.284850 2.204452 -1.884682
6.291980 -0.258931 2.082389
6.308350 -1.362812 3.821133
6.324740 0.396731 1.538694
6.341430 0.375220 1.521695
6.357970 0.135923 1.962653
6.374240 -0.749526 1.855202
6.391420 -1.714009 1.497938
6.406780 -2.354261 0.774159
6.423190 -1.715283 -0.008558
6.439900 -1.298617 -1.352733
6.456400 -0.364816 -1.954807
6.472930 -1.333314 -0.707843
6.498370 -1.098027 0.659921
6.505560 -2.133624 1.994612
6.521970 -4.175013 2.905526
6.538150 -5.833844 3.356529
6.554880 -5.529900 3.139729
6.587860 -4.103846 2.478374
6.608920 -1.912776 1.205075
6.620490 -0.233091 0.279845
6.636980 -0.560693 0.388997
6.653350 -1.582574 0.736893
6.669730 -1.981121 1.072234
6.686230 -1.694437 0.523173
6.702610 -0.606329 -0.911456
6.719050 0.458483 -1.728874
6.735610 0.855648 -1.977750
6.751980 1.145552 -1.706149
6.768360 -0.103702 -1.418087
6.784930 -0.923407 -1.099649
6.801340 0.897401 -1.346515
6.828430 -0.202135 -1.305227
6.834040 -3.084571 0.446570
6.850470 -3.966335 2.559996
6.866920 -3.578400 3.150581
6.883670 -1.165279 2.002657
6.900070 0.066772 0.452231
6.935030 1.124792 -1.065566
6.949090 1.327648 -1.459085
6.965460 17.590052 3.460928
6.982280 -5.480508 0.988480
6.998660 -38.686265 -5.619579
7.031360 -69.181194 -13.131558
7.047560 -86.079456 -18.614631
