0.000000 806.988000 575.967000
0.032840 800.268000 618.397500
0.050320 790.070400 604.642500
0.065670 789.868800 602.038500
0.081730 780.124800 635.607000
0.098240 779.469600 603.382500
0.114440 779.604000 607.131000
0.130920 835.615200 529.714500
0.147320 847.056000 517.881000
0.163800 847.324800 519.603000
0.180400 818.126400 591.570000
0.196950 818.008800 533.956500
0.229850 832.389600 614.229000
0.246300 823.888800 555.208500
0.262710 823.771200 549.454500
0.279020 851.743200 547.428000
0.295590 854.700000 602.133000
0.328590 843.292800 644.280000
0.345020 842.284800 697.042500
0.361220 842.016000 697.998000
0.390400 861.789600 545.569500
0.395470 954.424800 600.967500
0.410740 954.525600 602.479500
0.427120 588.957600 500.083500
0.443700 581.784000 520.810500
0.460080 581.481600 519.088500
0.476460 578.474400 521.304000
0.496620 598.852800 508.746000
0.509250 596.820000 502.257000
0.525760 582.288000 585.963000
0.541930 579.432000 566.065500
0.558620 578.256000 562.957500
0.574810 535.584000 492.618000
0.591350 573.316800 471.943500
0.607620 573.518400 473.644500
0.624050 578.104800 440.055000
0.640560 591.914400 427.371000
0.657300 593.006400 431.172000
0.673450 447.518400 450.208500
0.689960 493.970400 440.044500
0.715240 495.549600 443.803500
0.722790 466.485600 438.795000
0.739040 480.681600 366.786000
0.779570 473.054400 475.450500
0.788780 499.380000 415.590000
0.825370 469.879200 383.953500
0.837660 454.725600 483.588000
0.870540 477.237600 508.977000
0.886910 471.307200 460.047000
0.903580 471.744000 461.422500
0.920150 489.770400 560.511000
0.936290 355.320000 478.044000
0.952880 355.756800 477.823500
0.969410 834.640800 392.532000
0.985670 746.440800 376.246500
1.002030 745.903200 375.753000
1.018730 1185.744000 618.366000
1.043120 1150.447200 562.453500
1.051320 1151.388000 560.973000
1.067670 1148.397600 492.229500
1.084030 1223.376000 484.344000
1.100910 1221.561600 488.166000
1.117200 1194.076800 547.270500
1.133530 1217.176800 516.453000
1.153370 1218.722400 513.282000
1.166350 1252.893600 408.271500
1.182850 1194.295200 588.703500
1.199230 1193.388000 590.100000
1.215740 1211.817600 527.425500
1.232090 1311.643200 501.070500
1.248700 1310.988000 502.320000
1.266700 1240.596000 511.885500
1.281360 1234.917600 449.662500
1.314200 1220.604000 301.402500
1.330710 1228.668000 358.396500
1.347080 1230.230400 354.469500
1.367850 1249.029600 447.793500
1.379880 1224.938400 464.646000
1.412650 1234.766400 344.862000
1.428900 1221.561600 444.937500
1.462270 1266.837600 377.821500
1.478870 1120.560000 547.312500
1.495000 1119.434400 550.231500
1.511360 1317.892800 513.649500
1.527870 1363.807200 671.170500
1.544240 1361.640000 673.596000
1.560860 1368.410400 618.660000
1.577060 1321.437600 614.785500
1.595710 1318.060800 618.691500
1.609790 1268.299200 609.042000
1.626090 1262.284800 597.229500
1.642490 1264.821600 594.804000
1.659030 1238.160000 670.624500
1.675870 1320.328800 410.130000
1.698240 1322.764800 404.155500
1.708550 1306.149600 473.655000
1.724770 1345.898400 512.106000
1.741150 1349.896800 505.785000
1.757770 1312.550400 529.462500
1.774360 1294.120800 651.777000
1.790890 1291.936800 654.675000
1.806980 1283.923200 485.604000
1.823490 1322.664000 574.959000
1.839790 1320.732000 577.783500
1.856380 1277.337600 565.645500
1.872860 1337.145600 528.265500
1.915610 1240.780800 479.262000
1.923260 1240.444800 401.520000
1.954780 1239.100800 527.173500
1.971280 1466.388000 268.327500
1.988020 1471.562400 259.035000
2.003980 779.553600 377.475000
2.021710 771.036000 380.572500
2.037060 771.220800 378.283500
2.053320 554.148000 399.735000
2.070110 536.474400 556.836000
2.086200 535.500000 555.177000
2.102690 520.077600 462.220500
2.119350 536.457600 414.456000
2.135480 537.499200 416.272500
2.151920 537.331200 417.564000
2.168300 504.386400 351.256500
2.184790 505.999200 356.622000
2.201290 479.556000 514.048500
2.217810 540.926400 387.744000
2.243610 542.102400 391.177500
2.251270 464.318400 418.593000
2.266720 413.128800 362.743500
2.283270 414.573600 365.326500
2.299770 509.712000 340.704000
2.316150 512.920800 360.349500
2.332660 510.098400 352.579500
2.350060 451.080000 255.223500
2.365520 470.265600 359.940000
2.381900 467.628000 354.175500
2.398270 443.654400 347.823000
2.414770 478.161600 401.089500
2.431500 481.555200 409.815000
2.447960 419.479200 659.295000
2.463980 395.808000 675.045000
2.480360 400.293600 679.780500
2.496740 380.553600 730.317000
2.513450 377.462400 719.124000
2.529900 377.815200 719.922000
2.548430 380.032800 749.868000
2.571350 418.252800 791.185500
2.580290 416.992800 790.156500
2.595390 437.119200 816.259500
2.611770 417.144000 750.802500
2.628400 421.159200 755.065500
2.645130 457.548000 863.100000
2.661330 453.952800 799.795500
2.682630 455.700000 801.601500
2.694340 405.434400 815.934000
2.710700 443.990400 845.040000
2.727080 441.772800 842.950500
2.743460 361.216800 786.996000
2.759960 399.588000 895.776000
2.776340 399.940800 896.175000
2.792610 394.850400 864.129000
2.809270 351.960000 771.162000
2.825520 351.153600 770.112000
2.842010 376.336800 815.430000
2.858230 343.728000 803.848500
2.874710 345.912000 805.591500
2.894310 348.566400 822.223500
2.907780 347.239200 818.107500
2.924230 341.006400 813.235500
2.940410 267.170400 826.539000
2.957050 255.813600 795.658500
2.989750 246.640800 839.307000
3.006840 245.145600 803.638500
3.039020 275.100000 857.115000
3.055550 258.686400 812.941500
3.072220 262.096800 815.451000
3.088310 281.484000 840.703500
3.104810 316.780800 849.103500
3.121120 316.831200 849.145500
3.137610 488.275200 788.560500
3.153980 649.303200 812.952000
3.170520 649.370400 814.044000
3.187040 1188.146400 862.491000
3.203640 1154.277600 835.737000
3.226720 1157.133600 832.272000
3.236110 1187.306400 921.595500
3.252670 1179.175200 958.198500
3.269070 1180.720800 957.064500
3.285350 1164.424800 885.706500
3.301930 1232.834400 882.525000
3.318310 1233.170400 882.000000
3.334700 1322.395200 861.378000
3.351170 1206.021600 834.834000
3.367870 1206.828000 834.697500
3.384350 1206.156000 905.530500
3.400730 1244.493600 913.920000
3.417210 1242.108000 914.949000
3.433530 1090.051200 899.944500
3.449760 1137.192000 976.447500
3.466080 1136.889600 976.972500
3.484580 1127.868000 903.829500
3.499020 1082.306400 919.936500
3.515400 1080.273600 921.994500
3.532010 1122.979200 865.147500
3.555470 1225.005600 866.302500
3.564770 1228.029600 864.097500
3.581150 1129.464000 890.305500
3.597630 1233.456000 855.204000
3.614010 1235.136000 853.618500
3.630570 1166.205600 765.061500
3.647190 1214.337600 719.218500
3.667690 1215.933600 716.992500
3.679920 1253.196000 694.722000
3.696170 1202.342400 560.889000
3.712680 1203.484800 559.104000
3.729050 1170.523200 482.664000
3.745480 1198.226400 494.497500
3.771870 1198.864800 492.156000
3.778400 1195.824000 581.647500
3.794560 1284.040800 573.373500
3.827640 1260.252000 575.169000
3.844020 1271.608800 638.851500
3.860760 1269.525600 641.812500
3.882100 1151.085600 515.917500
3.893440 1140.400800 529.378500
3.926170 1127.952000 485.110500
3.942670 1146.566400 552.279000
3.959050 1145.726400 553.833000
3.975430 1144.180800 540.477000
3.991970 1140.804000 488.481000
4.008590 1140.434400 490.287000
4.024750 1145.995200 487.063500
4.041500 1142.148000 548.152500
4.076530 1296.640800 460.204500
4.100090 1505.296800 544.687500
4.107000 1507.447200 541.506000
4.123150 572.426400 367.006500
4.139760 514.886400 284.781000
4.178920 390.549600 287.899500
4.188980 560.985600 520.968000
4.221890 448.761600 250.687500
4.238270 408.240000 262.069500
4.255080 814.312800 411.033000
4.271490 475.473600 387.418500
4.287670 457.413600 389.277000
4.304050 460.555200 396.312000
4.323880 382.149600 512.704500
4.337170 453.432000 490.738500
4.353450 452.743200 488.985000
4.370130 422.469600 474.736500
4.386490 415.212000 452.035500
4.402790 411.650400 445.578000
4.427590 391.188000 431.119500
4.435520 357.268800 512.862000
4.451880 353.304000 507.129000
4.468190 363.132000 471.450000
4.484570 386.332800 516.978000
4.501140 388.936800 521.304000
4.517510 323.971200 495.831000
4.533810 327.012000 462.252000
4.550380 328.440000 463.984500
4.566890 335.428800 465.612000
4.585540 317.738400 523.372500
4.600110 314.311200 518.826000
4.616140 367.500000 519.309000
4.632510 321.064800 490.213500
4.652580 314.126400 480.616500
4.665540 341.006400 434.889000
4.682040 315.940800 452.287500
4.698440 312.513600 447.972000
4.714950 324.156000 438.480000
4.731290 326.726400 466.084500
4.756710 334.807200 477.319500
4.764020 525.957600 532.896000
4.780300 412.036800 265.293000
4.796890 415.464000 274.512000
4.813610 1088.136000 855.477000
4.830120 1207.264800 797.055000
4.846470 1206.021600 798.178500
4.864590 1250.524800 737.877000
4.879140 1209.465600 791.479500
4.895660 1207.852800 793.390500
4.912060 1184.433600 825.384000
4.928420 1218.957600 809.361000
4.945030 1215.597600 813.046500
4.961300 1221.024000 812.721000
4.982280 1208.239200 832.020000
4.994000 1210.137600 830.004000
5.010570 1167.684000 885.265500
5.027030 1185.508800 862.113000
5.043600 1188.028800 859.782000
5.059730 1173.244800 847.056000
5.081840 1206.878400 843.234000
5.092540 1208.944800 840.777000
5.108860 1184.114400 839.160000
5.125240 1181.661600 822.843000
5.141750 1179.948000 824.817000
5.158420 1186.483200 832.114500
5.175100 1200.964800 802.431000
5.191330 1200.427200 803.386500
5.207520 1181.560800 779.247000
5.223850 1173.664800 783.741000
5.240540 1175.126400 781.788000
5.256940 1193.304000 863.016000
5.273250 1215.160800 871.342500
5.289680 1216.790400 869.820000
5.306190 1235.724000 833.101500
5.322490 1187.961600 838.666500
5.338820 1186.987200 839.401500
5.355530 1253.565600 848.368500
5.372230 1283.822400 883.869000
5.388370 1283.200800 884.614500
5.413750 1317.523200 848.127000
5.421170 1329.031200 877.170000
5.437530 1327.720800 877.926000
5.454040 1321.689600 887.827500
5.470420 1298.152800 907.872000
5.487190 1299.530400 907.116000
5.503540 1265.376000 895.482000
5.519820 1270.819200 865.336500
5.536290 1268.971200 866.869500
5.552490 1279.219200 866.911500
5.568980 1319.589600 858.616500
5.585530 1318.228800 859.278000
5.601990 1294.120800 845.386500
5.628110 1311.626400 870.103500
5.636230 1309.509600 871.689000
5.651120 1238.109600 879.385500
5.667420 1154.328000 876.886500
5.684200 1155.453600 876.183000
5.700550 722.114400 821.163000
5.717030 664.927200 718.116000
5.741390 663.398400 712.362000
5.749630 569.116800 881.317500
5.765990 524.529600 851.623500
5.782360 521.640000 848.410500
5.798870 488.997600 818.233500
5.815540 484.293600 788.539500
5.832190 484.461600 789.138000
5.848210 488.275200 776.086500
5.864750 511.492800 804.006000
5.881130 512.635200 804.982500
5.897510 497.532000 794.230500
5.914230 514.869600 797.202000
5.930370 515.323200 798.136500
5.952290 402.830400 842.457000
5.963440 414.607200 846.730500
5.996250 413.868000 819.945000
6.012790 433.356000 828.187500
6.029350 435.892800 830.665500
6.045490 427.005600 812.973000
6.065700 452.776800 850.174500
6.078230 454.473600 851.718000
6.094610 425.779200 833.878500
6.111110 453.381600 823.378500
6.127480 452.205600 821.814000
6.144310 566.899200 810.390000
6.160690 556.970400 765.250500
6.176830 555.408000 762.205500
6.193260 1186.214400 784.612500
6.209630 1041.818400 840.556500
6.226360 1041.314400 841.302000
6.242610 1251.045600 799.596000
6.259270 1230.012000 843.727500
6.284820 1227.525600 846.699000
6.291690 1231.003200 827.463000
6.308250 1290.828000 819.000000
6.324650 1288.879200 820.764000
6.341130 1212.573600 868.150500
6.357510 1156.915200 899.157000
6.374160 1159.754400 896.353500
6.393440 1195.672800 871.888500
6.406880 1228.970400 896.616000
6.439620 1243.048800 736.921500
6.456120 1274.313600 785.032500
6.472690 1276.128000 783.142500
6.489010 1217.949600 868.161000
6.505470 1261.428000 832.503000
6.538300 1226.937600 871.762500
6.554580 1176.117600 865.840500
6.587810 1189.020000 852.526500
6.611820 1181.426400 839.443500
6.620350 1180.300800 840.241500
6.636860 1263.511200 752.682000
6.653240 1314.768000 679.665000
6.669620 1316.364000 678.268500
6.686110 1294.221600 714.472500
6.702480 1308.501600 673.459500
6.721310 1310.013600 672.189000
6.735520 1336.087200 636.090000
6.751850 1331.349600 629.958000
6.768230 1332.828000 626.923500
6.784610 1338.002400 648.343500
6.801220 1340.992800 662.508000
6.817790 1337.851200 666.645000
6.834000 1311.324000 657.594000
6.850460 1353.072000 530.344500
6.867010 1350.636000 533.956500
6.883430 1334.995200 380.079000
6.899960 1294.104000 426.300000
6.916060 1295.968800 422.677500
6.935780 1317.960000 366.691500
6.949020 1319.976000 333.364500
6.965390 1317.624000 337.071000
6.981900 1346.839200 445.620000
6.998260 1326.024000 389.287500
7.014640 1324.881600 392.910000
7.031140 1355.306400 415.800000
7.047440 1316.112000 407.032500
7.080510 1298.824800 383.449500
7.097000 1356.196800 371.973000
7.113380 1358.800800 366.502500
