0.000000 848.719200 335.506500
0.016460 848.635200 333.501000
0.032880 812.968800 342.079500
0.049390 807.811200 307.965000
0.065630 807.240000 303.912000
0.081950 824.863200 316.848000
0.098330 821.469600 320.082000
0.114680 821.251200 320.050500
0.131180 835.900800 297.045000
0.147540 815.623200 321.478500
0.166100 815.892000 323.064000
0.180980 785.080800 303.051000
0.197020 808.920000 337.564500
0.213510 809.474400 341.512500
0.230260 831.734400 371.206500
0.246440 794.522400 363.342000
0.263100 793.665600 357.850500
0.280180 823.586400 352.443000
0.295600 836.606400 326.739000
0.314410 836.152800 322.759500
0.328890 819.319200 319.704000
0.345260 836.068800 331.012500
0.361400 835.178400 323.232000
0.388030 849.290400 331.569000
0.394270 851.222400 322.486500
0.410840 850.852800 318.591000
0.427020 797.630400 314.895000
0.443710 825.316800 300.489000
0.459880 826.072800 308.196000
0.476550 791.565600 325.594500
0.494220 686.515200 309.571500
0.509490 689.152800 319.242000
0.525760 342.888000 240.922500
0.542270 299.124000 240.964500
0.558840 304.500000 249.984000
0.575240 301.257600 242.497500
0.591690 273.470400 242.361000
0.607690 271.051200 238.413000
0.624190 277.636800 233.320500
0.640440 310.060800 257.806500
0.673480 291.429600 243.946500
0.689920 261.643200 235.662000
0.710080 264.112800 239.715000
0.722930 320.308800 247.905000
0.739490 285.348000 229.572000
0.755690 287.767200 233.667000
0.772050 490.106400 92.347500
0.788560 519.523200 112.444500
0.804930 521.068800 117.096000
0.821230 468.081600 129.433500
0.837810 524.680800 120.886500
0.854180 523.152000 116.161500
0.870690 530.997600 106.795500
0.887050 521.270400 105.724500
0.930710 489.585600 96.369000
0.936080 488.191200 107.299500
0.952620 486.561600 102.627000
0.969420 865.250400 136.405500
0.985810 1143.542400 145.215000
1.002200 1144.348800 140.164500
1.018640 1255.178400 121.821000
1.039870 1322.781600 112.528500
1.051430 1325.553600 103.068000
1.067780 1325.452800 101.661000
1.084160 1317.540000 106.354500
1.100800 1318.968000 101.398500
1.117140 1304.654400 126.010500
1.133880 1289.148000 129.192000
1.149990 1288.509600 131.050500
1.166440 1289.719200 91.077000
1.182950 1281.890400 113.568000
1.199330 1280.042400 120.865500
1.215770 1278.009600 127.848000
1.232170 1312.550400 133.224000
1.264880 1352.719200 66.066000
1.281270 1359.892800 78.802500
1.297770 1359.657600 79.569000
1.314250 1374.156000 79.831500
1.330680 1365.621600 81.627000
1.347060 1364.983200 83.590500
1.364070 1366.528800 83.716500
1.380040 1341.362400 103.740000
1.396300 1340.001600 108.150000
1.412920 1425.043200 432.862500
1.429290 1344.621600 507.969000
1.445800 1345.814400 506.236500
1.462170 1385.462400 501.595500
1.478360 1385.311200 494.382000
1.494930 1388.184000 490.213500
1.511300 1412.762400 476.889000
1.528140 1404.547200 483.367500
1.544300 1405.068000 482.191500
1.561000 1407.924000 463.900500
1.586600 1380.540000 481.456500
1.593520 1379.666400 483.231000
1.609700 1435.274400 445.840500
1.626330 1427.731200 448.276500
1.642810 1424.690400 452.707500
1.659470 1380.456000 482.811000
1.675670 1344.957600 499.159500
1.708430 1399.524000 499.527000
1.724930 1409.385600 496.188000
1.741420 1407.285600 499.327500
1.757920 968.772000 541.747500
1.774170 623.851200 503.412000
1.790810 622.591200 500.661000
1.807150 374.707200 515.991000
1.823550 397.269600 520.023000
1.840170 400.327200 524.338500
1.856390 399.621600 532.402500
1.873120 389.004000 528.717000
1.889470 391.188000 531.457500
1.914730 406.190400 538.629000
1.922130 406.408800 527.625000
1.938380 408.542400 530.376000
1.954900 411.230400 558.694500
1.971590 434.095200 534.324000
1.988120 431.172000 530.050500
2.004460 397.706400 537.705000
2.022710 426.770400 520.023000
2.037220 424.737600 517.272000
2.053600 406.324800 524.338500
2.070090 408.105600 531.615000
2.086280 406.022400 528.979500
2.103090 412.759200 550.672500
2.119460 646.951200 552.048000
2.135760 645.624000 549.097500
2.152290 1180.922400 489.625500
2.168500 1339.850400 458.440500
2.203540 1409.805600 502.404000
2.218120 1416.307200 501.228000
2.241850 1418.440800 498.120000
2.250790 1422.607200 467.376000
2.267010 1374.172800 471.219000
2.300000 1375.634400 477.456000
2.316600 1355.071200 464.887500
2.332870 1356.902400 461.580000
2.350200 1394.702400 467.649000
2.365630 1401.321600 462.483000
2.398370 1392.652800 490.885500
2.414870 1391.359200 492.555000
2.447920 1373.332800 499.999500
2.464720 1366.965600 512.935500
2.499050 1367.335200 479.640000
2.513900 1391.258400 494.970000
2.546210 988.461600 461.485500
2.569160 517.557600 673.722000
2.776270 953.080800 600.894000
2.794080 425.208000 105.829500
2.809100 453.465600 94.405500
2.825490 455.414400 99.645000
2.844300 478.984800 106.344000
2.858660 466.183200 107.478000
2.875160 468.115200 112.717500
2.896840 479.606400 133.297500
2.908000 533.652000 122.850000
2.924130 532.896000 119.952000
2.940500 979.910400 93.198000
2.957000 1207.752000 71.221500
2.973380 1208.222400 68.512500
2.990050 1282.276800 95.224500
3.007460 1284.964800 94.017000
3.022750 1285.754400 90.930000
3.039130 1268.080800 72.555000
3.055850 1261.176000 75.327000
3.072260 1260.151200 79.726500
3.088640 1281.352800 105.115500
3.111180 1302.957600 95.056500
3.121210 1303.159200 94.290000
3.137790 1288.812000 106.102500
3.154160 1303.747200 101.167500
3.170620 1302.957600 104.328000
3.187360 1366.360800 89.218500
3.203540 1340.287200 96.768000
3.222560 1338.086400 104.107500
3.236430 1351.744800 90.972000
3.252930 1347.880800 102.312000
3.269390 1344.772800 112.350000
3.285680 1345.226400 140.469000
3.302170 1360.951200 157.815000
3.318550 1361.220000 157.059000
3.334850 1136.923200 256.473000
3.351230 841.898400 388.878000
3.367740 841.764000 387.124500
3.384360 370.608000 573.331500
3.401640 407.248800 569.625000
3.419250 403.922400 565.446000
3.442450 390.348000 545.958000
3.450610 388.382400 555.030000
3.466260 387.307200 554.106000
3.482730 383.006400 550.116000
3.499290 378.621600 548.100000
3.515860 376.404000 545.517000
3.532340 397.706400 542.136000
3.558110 391.204800 544.278000
3.564940 393.657600 547.218000
3.581420 424.670400 558.295500
3.597930 417.900000 549.423000
3.630680 398.697600 538.660500
3.647170 406.240800 549.055500
3.663350 407.332800 550.074000
3.679710 419.294400 551.176500
3.696100 402.444000 519.393000
3.712920 400.024800 516.264000
3.729590 393.876000 535.279500
3.745780 420.369600 536.424000
3.770070 419.983200 536.665500
3.778370 442.898400 550.063500
3.795060 463.226400 566.968500
3.811050 466.418400 570.969000
3.828000 463.831200 572.764500
3.844300 465.091200 561.624000
3.860680 463.125600 558.967500
3.877680 465.477600 568.071000
3.893550 444.679200 538.954500
3.910060 440.496000 533.211000
3.926520 462.655200 548.667000
3.942870 455.716800 546.336000
3.959270 453.852000 543.795000
3.975690 440.378400 517.818000
3.991980 427.543200 538.282500
4.008440 431.793600 543.847500
4.024870 409.248000 542.514000
4.041600 451.617600 547.480500
4.057830 453.852000 550.536000
4.074260 445.351200 555.114000
4.094020 440.815200 574.770000
4.107030 439.807200 573.195000
4.123360 274.965600 651.609000
4.139720 303.441600 671.863500
4.156410 301.761600 670.834500
4.173070 281.870400 618.828000
4.191360 255.074400 632.037000
4.221980 275.872800 610.281000
4.238220 263.659200 617.347500
4.255230 266.733600 619.983000
4.271560 253.528800 615.447000
4.287940 250.588800 612.969000
4.304460 249.177600 611.509500
4.320860 243.885600 674.320500
4.336900 225.103200 651.777000
4.353240 226.161600 652.680000
4.370220 218.366400 636.625500
4.386490 194.644800 639.334500
4.402770 196.173600 640.227000
4.422040 194.208000 638.116500
4.435530 212.301600 637.612500
4.451930 213.763200 638.904000
4.468410 475.020000 594.793500
4.484900 693.285600 399.735000
4.501280 692.311200 396.448500
4.517650 1206.592800 216.342000
4.534270 1223.577600 246.834000
4.550530 1225.274400 240.775500
4.567030 1178.284800 171.192000
4.583690 1185.240000 190.575000
4.600220 1186.466400 184.327500
4.616260 1211.481600 162.561000
4.632580 1226.568000 179.434500
4.649120 1227.676800 174.741000
4.665570 1194.648000 174.541500
4.682010 1219.528800 172.189500
4.698480 1217.378400 181.461000
4.714980 1177.293600 237.531000
4.731540 1173.379200 226.107000
4.764300 1148.397600 224.122500
4.780670 1156.344000 218.347500
4.797160 1155.168000 224.952000
4.813550 1130.203200 222.327000
4.830120 1151.220000 222.967500
4.846310 1152.144000 218.074500
4.862540 1167.062400 193.021500
4.879290 1171.480800 191.299500
4.895660 1171.917600 188.937000
4.912320 1164.996000 216.783000
4.928600 1136.721600 217.224000
4.945640 1137.393600 213.328500
4.971330 1132.118400 190.060500
4.977730 1140.333600 199.143000
4.993980 1138.771200 208.309500
5.010480 1134.940800 249.669000
5.027310 1144.567200 238.035000
5.060230 1152.933600 228.364500
5.084580 1151.085600 227.503500
5.092720 1151.623200 224.836500
5.109290 1145.104800 218.284500
5.125670 1140.770400 224.794500
5.142160 1141.190400 222.169500
5.158420 1113.924000 234.108000
5.175040 969.192000 311.776500
5.192830 969.108000 315.294000
5.207760 402.393600 579.505500
5.224100 258.535200 654.097500
5.240390 259.005600 654.465000
5.257130 295.696800 633.486000
5.273360 297.259200 627.249000
5.299060 300.266400 629.895000
5.306370 298.468800 666.928500
5.322540 281.433600 647.566500
5.355480 289.598400 665.395500
5.372170 285.549600 658.024500
5.408420 257.392800 688.285500
5.421390 300.249600 668.041500
5.437770 302.870400 670.162500
5.454140 256.855200 664.807500
5.470660 257.157600 661.720500
5.487120 252.940800 658.245000
5.503520 211.730400 634.179000
5.522540 244.843200 651.241500
5.536510 241.651200 648.795000
5.552680 220.248000 650.160000
5.569220 208.756800 616.371000
5.585650 199.332000 608.968500
5.602180 175.291200 626.493000
5.624530 165.866400 618.670500
5.651250 187.336800 616.182000
5.667810 223.456800 646.243500
5.707530 187.118400 662.623500
5.717120 205.363200 660.439500
5.733910 211.377600 665.122500
5.750030 608.260800 458.913000
5.766410 822.124800 337.522500
5.782740 822.931200 343.024500
5.799280 1079.164800 293.286000
5.815650 1118.796000 303.670500
5.832160 1118.812800 303.607500
5.848450 1127.532000 307.261500
5.864730 1126.255200 317.877000
5.881110 1126.927200 314.380500
5.897720 1136.956800 304.962000
5.914460 1115.049600 305.025000
5.930730 1114.428000 308.574000
5.955800 1093.310400 325.195500
5.963310 1147.322400 307.671000
5.979740 1146.448800 311.860500
5.996230 1159.872000 296.772000
6.012910 1158.729600 289.044000
6.045760 1158.595200 280.287000
6.063180 1163.988000 285.705000
6.078700 1164.794400 281.998500
6.094890 1139.745600 275.772000
6.111550 1111.034400 276.160500
6.127940 1111.370400 273.693000
6.144420 1125.868800 271.666500
6.160830 1154.781600 268.138500
6.178550 1155.856800 263.592000
6.193210 1175.244000 285.915000
6.209530 1206.004800 275.646000
6.226580 1207.533600 269.451000
6.242940 1307.964000 159.169500
6.259220 1317.254400 158.130000
6.284850 1317.036000 158.812500
6.291980 1310.601600 152.764500
6.308350 1306.720800 171.507000
6.324740 1303.881600 180.799500
6.341430 1318.900800 197.463000
6.357970 1321.303200 175.875000
6.374240 1319.186400 182.616000
6.391420 1300.588800 196.591500
6.406780 1302.588000 214.935000
6.423190 1301.848800 217.098000
6.439900 1288.072800 197.820000
6.456400 1284.040800 185.955000
6.472930 1282.192800 192.045000
6.498370 1286.308800 194.565000
6.505560 1275.590400 198.271500
6.521970 1276.178400 196.318500
6.538150 1236.513600 221.749500
6.554880 1248.307200 216.384000
6.587860 1202.140800 242.235000
6.608920 1190.397600 251.401500
6.620490 1192.195200 243.600000
6.636980 1210.641600 237.730500
6.653350 1200.460800 246.718500
6.669730 1201.048800 244.125000
6.686230 1175.076000 257.229000
6.702610 1162.728000 258.216000
6.719050 1162.912800 257.838000
6.735610 1213.648800 230.538000
6.751980 1181.560800 230.086500
6.768360 1181.997600 227.860500
6.784930 1174.605600 234.675000
6.801340 1186.264800 223.702500
6.828430 1186.634400 222.180000
6.834040 1176.604800 205.222500
6.850470 1183.929600 216.688500
6.866920 1183.459200 218.883000
6.883670 1088.740800 249.816000
6.900070 1143.004800 260.631000
6.935030 1161.115200 249.868500
6.949090 1162.812000 220.815000
6.965460 1161.921600 225.330000
6.982280 1126.440000 236.082000
6.998660 1131.396000 245.028000
7.031360 1101.559200 244.440000
7.047560 1075.972800 251.790000
