0.000000 65.227509 42.700317
0.016430 49.440926 34.823867
0.032680 23.414450 19.220412
0.049160 -2.720464 2.179764
0.082650 -16.423971 -6.936857
0.098370 0.477624 2.177491
0.114750 0.483989 3.702618
0.131450 0.128962 4.414989
0.148190 -0.800994 0.996038
0.164360 -1.992873 -0.961571
0.180780 -1.573868 -6.045668
0.197030 -0.035013 -3.998021
0.214070 1.748907 -1.290374
0.230030 1.901531 0.416564
0.246530 2.175441 2.549663
0.283450 3.277403 2.272549
0.295880 4.507822 -0.746029
0.312260 0.554074 -7.095601
0.328610 -10.316527 -10.013153
0.345150 -18.772305 -7.759472
0.378010 -25.188887 -0.706322
0.394330 -26.312313 0.991402
0.427270 -21.257292 4.063907
0.443760 -11.635982 6.497940
0.476880 -2.276216 3.043483
0.503680 1.398858 -1.279467
0.509030 2.235107 -9.505042
0.525510 -0.900858 -8.875292
0.542240 -0.557991 -3.657740
0.558770 -1.726907 2.388505
0.575150 -1.391800 4.541847
0.591790 -1.209550 4.970876
0.624420 -2.098530 0.486796
0.640610 0.743225 0.895338
0.673770 3.016355 2.786546
0.690140 2.248168 2.854487
0.706720 -2.356638 4.449247
0.722820 -3.505414 5.236018
0.739270 -5.535512 1.355117
0.772480 -6.059380 -3.571868
0.788890 -4.904094 -5.994438
0.831440 -2.869214 -8.217082
0.838490 -0.641743 -8.100522
0.854230 -1.272209 -7.390780
0.870930 -1.857467 -6.090101
0.887300 -0.214789 -3.305878
0.903740 0.714533 1.597972
0.920160 -0.022840 5.164659
0.941440 -0.424183 7.738937
0.953160 -0.709638 5.460070
0.969220 -1.769748 3.034276
0.985730 0.540250 1.753690
1.002420 -0.382868 4.526191
1.018940 -1.989835 1.931863
1.035000 -3.830565 -0.133357
1.051460 -5.000339 -1.426331
1.067910 -2.844069 -1.300658
1.084270 1.321501 -2.427307
1.101360 3.938025 -2.302808
1.117150 5.104655 -1.342925
1.133560 2.712301 -0.301977
1.159320 0.882090 1.447891
1.166600 0.892228 1.663399
1.182850 -1.235747 3.716876
1.199120 -1.341389 0.773876
1.216090 1.038520 -1.614506
1.232470 5.008900 -2.452659
1.249010 3.083402 -1.822479
1.270630 2.189257 -1.938753
1.281480 1.756949 -0.759222
1.297860 1.181453 -0.071449
1.314240 -3.318943 -1.236207
1.330730 -6.505155 -4.593066
1.347110 -3.238201 -4.984860
1.363960 2.610802 -3.219701
1.380120 6.766482 -3.840259
1.396740 6.532822 -4.150000
1.412880 7.407577 -4.262509
1.429470 4.388572 -4.699977
1.445910 1.438031 -3.693162
1.462280 -2.007460 -2.245546
1.484790 -4.696562 -0.758516
1.495020 -2.192370 3.430288
1.511300 -0.861655 1.686131
1.527810 -0.019432 1.871677
1.544230 0.625621 1.821642
1.560730 0.890623 0.191540
1.577110 0.137570 -3.467191
1.593410 0.054373 -2.750685
1.609980 1.252158 0.087843
1.626480 -1.392673 6.397971
1.643200 10.063430 13.517027
1.659550 21.005379 9.810690
1.676080 20.806655 0.809928
1.692430 29.897697 -8.508647
1.708760 37.255406 -13.758447
1.724980 40.144780 -14.078311
1.741620 37.452687 -4.036277
1.758870 28.026111 6.177481
1.774400 13.600815 13.828025
1.790890 8.544012 13.294369
1.816220 -4.146945 4.420754
1.823670 -8.252531 -2.429847
1.839840 3.590028 -7.452207
1.856220 3.881665 -8.557265
1.873210 1.403967 -6.398907
1.889590 -2.223647 -1.136339
1.906070 -4.517664 1.231408
1.923060 -3.158337 0.315415
1.938580 -0.514462 -0.892753
1.954960 1.148333 -0.104726
1.971340 1.892051 4.175142
1.987840 2.133774 4.690165
2.004550 0.372458 5.110756
2.020940 0.471738 4.134541
2.038140 1.581760 -2.114187
2.053410 2.630820 -7.282590
2.069970 2.109149 -7.426859
2.086380 0.102708 -2.625711
2.103100 0.434272 -0.952777
2.119400 -0.317830 -7.179947
2.152140 -1.078244 -3.650813
2.168640 -1.990463 12.724159
2.201380 -2.412607 30.029356
2.217890 -1.709504 38.036176
2.250920 -0.922004 40.543217
2.267110 -0.410320 33.092194
2.283600 -1.031407 16.456180
2.299980 -0.227744 -1.874385
2.316350 0.393684 -12.443304
2.332760 1.417008 -5.004254
2.359090 2.774221 -0.271018
2.365710 3.142180 1.087544
2.381940 3.054358 0.963679
2.398600 2.221454 1.704931
2.415100 1.182736 3.186762
2.447880 -1.070797 2.718760
2.466150 -2.434167 1.653878
2.480760 -3.638197 0.960956
2.497120 -3.377853 1.358647
2.513630 -1.600097 0.010614
2.530110 1.237625 -0.239430
2.546390 2.500695 0.754336
2.563160 1.393817 1.522174
2.579170 -0.224847 0.478124
2.595720 -1.728984 -0.991908
2.612080 -2.121334 -1.744201
2.644940 -0.756311 -0.037762
2.661500 -0.992331 -0.179325
2.694210 0.706661 -4.659868
2.710720 3.566492 -5.697161
2.726910 4.053785 -15.861984
2.743870 3.228446 -23.683163
2.760330 1.667584 -24.047971
2.776660 -1.315932 -21.938795
2.797040 -3.429176 -18.842346
2.809430 -2.734571 -16.027796
2.825740 -2.267559 -13.249130
2.842110 0.164188 -4.478936
2.858600 0.486817 7.811844
2.875000 -2.714198 10.827181
2.891690 -3.055735 14.376890
2.907780 0.219388 4.877690
2.924190 2.923368 0.868122
2.940700 4.187922 -2.416040
2.957280 3.829863 -3.015409
2.973590 -1.045334 -0.639194
2.990330 -4.379145 1.907226
3.015050 -6.660048 -0.787132
3.024480 -6.129577 -3.454623
3.039090 -2.176660 -7.413590
3.055590 -0.661493 -9.796736
3.072400 1.147074 0.035775
3.088940 2.183689 -0.524178
3.105130 2.648749 5.095669
3.122530 0.573718 3.252759
3.137810 0.663552 -1.006593
3.154400 -1.219955 -3.956002
3.187260 -4.565456 -3.785090
3.203770 -6.121370 -8.094153
3.236310 -5.038841 -8.329443
3.252850 -0.565140 -2.397433
3.286000 -0.715454 -0.739332
3.302410 -1.701087 0.102382
3.341540 -4.642918 -4.480376
3.353610 -5.983515 -2.905836
3.384150 -7.818974 0.990847
3.400830 -6.912983 2.145766
3.417450 -2.560695 2.532201
3.433830 0.520888 2.464260
3.452290 1.648766 2.125714
3.466220 0.078134 -0.258904
3.482830 -1.137874 -1.078912
3.499570 -2.758462 -1.397632
3.516040 -1.836492 0.916674
3.532440 -1.203701 1.738666
3.548790 0.224226 2.702168
3.565120 3.043441 0.272443
3.581590 1.478488 1.058230
3.597630 4.601644 3.472098
3.614400 -4.444442 7.311814
3.630860 -19.925316 15.179136
3.647410 -30.774645 21.122280
3.670290 -37.273888 23.657171
3.682850 -37.903532 20.761516
3.696210 -30.889673 14.529563
3.712830 -18.888711 8.575536
3.729550 -7.907696 6.339822
3.746060 1.174930 1.237397
3.762440 -2.080852 0.744295
3.780670 -0.009700 0.380398
3.794940 0.388509 -1.487360
3.811330 -2.236796 -1.808113
3.827800 -3.357322 -0.816327
3.844210 -2.245420 0.364389
3.877110 -0.869986 1.477888
3.893410 0.178166 0.749099
3.909900 2.123718 0.458858
3.926320 1.494276 1.128941
3.942990 -1.561002 1.362192
3.959320 -3.532704 3.723999
3.975990 -4.146717 4.570101
3.997910 -2.973459 3.139497
4.010620 -1.955233 2.446859
4.025120 -2.512388 0.738593
4.041520 -3.737174 -1.106722
4.058010 -2.051490 -0.265251
4.074390 -2.952564 0.139281
4.090870 -3.033878 -0.648640
4.107020 -1.600924 -0.887415
4.123440 -1.013483 -1.858750
4.139820 1.265563 -1.026576
4.156680 0.064551 -0.823750
4.173150 -1.736248 -1.719923
4.190140 -4.013388 -1.692217
4.210780 -4.495345 -1.105344
4.222050 -5.293956 -0.213754
4.240610 -1.607053 3.531726
4.255170 2.843306 4.378988
4.271370 3.507327 2.339578
4.287860 2.529879 -0.589328
4.304240 -1.113394 -3.132276
4.322000 -5.745669 -3.054037
4.337040 -1.178104 -3.279363
4.369990 2.960451 0.749940
4.386370 -7.791850 12.305643
4.402870 4.737160 10.572964
4.419560 24.492984 -3.252984
4.436150 40.386151 -19.993589
4.452260 52.562455 -24.888135
4.468630 58.467757 -26.960453
4.485100 57.154813 -26.848973
4.501580 42.208795 -14.875063
4.517960 16.811196 0.386641
4.543790 2.127196 6.183112
4.550820 6.837426 0.002743
4.567090 -6.359318 -2.417588
4.583400 -13.340917 1.825227
4.616490 -9.476066 6.265074
4.633000 -0.658391 1.608989
4.650760 4.159356 -2.265230
4.665880 4.038512 0.050047
4.682260 5.886579 0.648340
4.698620 2.736515 -0.760463
4.714920 -3.203213 -1.086362
4.731510 -5.313254 -0.007706
4.747990 -1.420104 -3.566530
4.766480 2.013326 -11.552102
4.781030 3.555004 -15.532171
4.797070 3.907449 -15.710807
4.813730 3.106868 -9.537092
4.830060 2.078050 -5.284838
4.846890 0.417741 -3.285171
4.871640 -1.040213 1.021070
4.879330 -1.831701 3.601903
4.895570 -0.607223 -1.161073
4.912060 -0.297315 -0.429977
4.928620 0.421155 -0.406370
4.945300 0.933129 2.131736
4.963490 -0.950969 6.864588
4.977750 -4.151179 12.102828
4.994350 6.312744 14.606534
5.010620 -0.156914 12.975634
5.027110 -15.927250 5.957024
5.043590 -28.862859 -5.394783
5.059990 -42.855680 -7.651588
5.109540 -49.043629 -6.804030
5.125500 -46.033098 -0.156863
5.142430 -32.109750 4.607594
5.158800 -13.621151 6.274228
5.175060 2.070884 2.560633
5.198900 -4.609092 3.314538
5.207970 -1.900395 -1.437621
5.224130 2.175207 -7.140518
5.240460 -4.927507 -3.435809
5.257060 -5.430370 -2.416498
5.273440 -4.778816 -2.772327
5.289940 -0.480948 0.456268
5.306260 0.533899 4.000327
5.322830 1.749836 7.793507
5.339190 0.600767 9.232475
5.355570 -0.497969 1.048564
5.372060 -3.563043 -2.872368
5.388440 -8.435499 -3.271648
5.404880 -5.964995 -6.274997
5.421280 -3.714428 -6.553995
5.454250 -2.750869 -2.679009
5.470730 5.097638 2.141570
5.487210 -15.508409 -6.206269
5.505600 -7.842705 -0.824028
5.523500 16.927436 3.732972
5.552830 42.445640 7.530699
5.569550 61.321091 6.729715
5.602420 68.636436 4.255053
5.618600 61.775901 0.432438
5.637040 42.022103 -2.375356
5.651360 14.592195 -4.552709
5.667850 -16.197157 -7.445727
5.684230 -2.541936 8.274660
5.700610 -2.708579 6.072069
5.717240 -1.416858 5.827189
5.733700 0.838997 1.044406
5.749890 2.943686 -5.493364
5.766320 4.333391 -14.824745
5.782640 1.904534 -13.316361
5.799190 -3.624489 -9.582915
5.815560 -2.679442 -9.445903
5.832180 -1.269502 0.893909
5.854260 -1.782124 2.677385
5.864940 -2.026381 5.728729
5.897830 -2.801091 5.935987
5.914210 -2.793175 2.376266
5.947350 -0.390189 2.797314
5.963520 2.363185 2.842807
5.979770 5.318090 2.390996
5.996150 8.410404 10.209493
6.013080 5.588318 25.015796
6.029350 4.320177 24.657359
6.045680 2.053063 24.053586
6.073070 -1.586710 16.190598
6.078440 -2.160448 4.911599
6.094940 -0.979668 -1.525995
6.111180 -2.396761 -4.277873
6.127960 -2.598053 0.314272
6.144330 -1.419573 4.836937
6.160710 -0.478232 4.756209
6.181910 -0.716700 0.550748
6.193440 -2.600766 -2.250556
6.209950 -1.414598 -3.234710
6.242810 -0.824094 -2.015971
6.259190 -1.986462 0.156701
6.275570 -3.315161 1.532317
6.292020 -1.784929 2.724871
6.308450 -0.418360 4.893904
6.324940 1.341979 3.814158
6.341320 1.343841 2.947510
6.358090 1.596275 1.733742
6.374230 0.977542 2.220104
6.400860 -2.107938 1.910829
6.407830 -3.834441 1.961939
6.423500 -4.358128 2.748300
6.440120 -0.927595 1.604155
6.456120 1.929035 -1.808839
6.472680 3.730687 -3.258935
6.489220 3.730782 -4.082565
6.511250 3.521000 -3.796734
6.522060 0.772164 -1.109068
6.538280 -1.090979 1.223858
6.555110 -1.446763 2.447476
6.571490 -3.810081 2.314209
6.587680 3.736689 8.538040
6.604180 -7.435989 1.996499
6.637050 -23.438508 -12.767883
6.653420 -42.466726 -28.662151
6.670200 -55.829338 -38.906383
6.686450 -57.847330 -39.948979
6.702630 -46.284347 -32.765042
6.735550 -27.066720 -18.855575
6.752370 -6.988316 -4.646571
6.785260 7.575221 7.748880
6.801660 1.274506 7.049716
6.818040 2.780101 8.375682
6.839020 -0.698300 8.073781
6.850560 -1.193631 4.791708
6.867070 0.114825 0.851375
6.883440 -1.541880 -5.075448
6.899930 -0.900447 -5.431679
6.916660 1.163537 -1.889748
6.933040 13.106323 10.045793
6.949300 7.563605 4.300884
6.982050 -6.071451 -10.747901
6.998920 -22.164859 -24.095050
7.031350 -33.505494 -32.050885
