0.000000 1102.827520 242.012160
0.005250 1102.315520 226.068480
0.012080 1079.439360 172.569600
0.025310 1046.671360 208.527360
0.032170 1132.994560 157.639680
0.038670 1075.240960 137.687040
0.046430 1076.244480 142.341120
0.052030 1090.211840 174.167040
0.059650 1063.895040 96.645120
0.065560 1063.526400 109.132800
0.072290 1033.543680 91.822080
0.078720 1014.312960 161.326080
0.085450 1014.394880 148.930560
0.102240 1084.784640 138.685440
0.104190 1081.323520 134.952960
0.112390 1058.652160 249.461760
0.119150 1068.400640 132.956160
0.125910 1067.622400 116.167680
0.132500 1092.730880 81.530880
0.141530 1093.980160 131.788800
0.152660 1058.222080 136.120320
0.159270 1091.358720 100.838400
0.166120 1090.969600 112.911360
0.179390 1054.842880 170.050560
0.187350 1055.723520 186.700800
0.192790 1010.769920 171.402240
0.201450 1021.870080 209.940480
0.207870 1023.037440 226.636800
0.212930 1052.446720 223.933440
0.219560 1129.902080 232.273920
0.226430 1130.598400 220.216320
0.233980 1148.968960 313.420800
0.239650 1101.905920 274.022400
0.246830 1101.373440 257.955840
0.253100 1120.256000 273.792000
0.259740 1073.459200 278.799360
0.266620 1072.373760 274.467840
0.273140 1047.080960 225.914880
0.281230 1049.047040 225.868800
0.286790 1050.050560 230.200320
0.293110 1093.099520 235.376640
0.306740 1052.385280 212.858880
0.315470 1072.455680 218.972160
0.319880 1096.232960 223.488000
0.333590 1159.270400 236.206080
0.340050 1171.128320 255.744000
0.353600 1074.257920 242.196480
0.360370 978.595840 241.213440
0.366910 977.080320 224.839680
0.374410 1019.228160 263.270400
0.380360 1024.368640 247.188480
0.386950 1023.242240 231.260160
0.400530 1043.046400 635.212800
0.407160 1042.882560 644.474880
0.413800 1048.248320 503.070720
0.438070 1050.091520 541.870080
0.442220 1056.317440 578.027520
0.447260 1057.198080 591.621120
0.454160 1024.757760 592.803840
0.460670 1049.251840 607.104000
0.468200 1051.013120 607.534080
0.474300 1074.380800 608.056320
0.480770 1081.344000 548.121600
0.487590 1080.647680 534.220800
0.494120 1079.050240 592.942080
0.500870 1107.066880 580.884480
0.507670 1106.001920 577.367040
0.515840 1130.823680 574.402560
0.521440 1066.147840 619.929600
0.528820 1067.151360 623.354880
0.535980 1090.334720 627.486720
0.541310 1106.186240 647.792640
0.554460 1137.541120 569.287680
0.563020 1161.707520 539.765760
0.568350 1160.867840 536.017920
0.581250 1091.297280 581.898240
0.588160 1092.239360 585.569280
0.594650 1024.593920 556.262400
0.601550 1058.119680 564.034560
0.614730 1089.904640 473.779200
0.621510 1044.828160 481.674240
0.628140 1043.845120 467.604480
0.635030 1033.236480 440.156160
0.648090 1049.948160 446.592000
0.654760 1066.045440 450.984960
0.661780 1052.426240 538.552320
0.675200 1075.650560 523.499520
0.681720 1078.476800 513.192960
0.695120 1074.954240 566.830080
0.703100 1078.005760 585.707520
0.715430 1072.947200 547.614720
0.721910 1082.429440 550.456320
0.735310 1065.226240 550.871040
0.742030 1063.362560 521.856000
0.759950 1055.170560 515.036160
0.765940 1074.565120 538.030080
0.777360 1075.404800 448.512000
0.783720 1057.198080 536.632320
0.803610 1105.223680 798.873600
0.998260 1037.578240 414.289920
1.007970 1052.139520 372.311040
1.017900 1160.642560 384.599040
1.023160 1162.772480 333.496320
1.036970 1115.934720 250.490880
1.043400 1121.054720 315.033600
1.056810 1043.292160 279.782400
1.063510 1049.538560 278.922240
1.081960 1032.704000 350.346240
1.087160 972.922880 248.217600
1.097960 947.322880 175.979520
1.103790 953.446400 152.739840
1.110410 954.695680 157.470720
1.117280 976.158720 183.705600
1.124760 1006.243840 202.199040
1.130660 1006.469120 214.056960
1.137240 1046.712320 205.117440
1.144070 1032.499200 153.615360
1.150530 1032.540160 141.404160
1.157280 1048.780800 295.004160
1.164160 1042.145280 282.792960
1.177760 1024.040960 264.806400
1.188420 1029.488640 298.721280
1.194030 1028.382720 283.207680
1.204620 1028.608000 179.189760
1.219070 1011.937280 268.247040
1.224660 979.456000 259.522560
1.237650 1020.846080 256.020480
1.251040 997.621760 230.691840
1.258370 987.095040 301.209600
1.264400 989.798400 248.048640
1.271310 990.863360 252.395520
1.277730 1045.688320 350.238720
1.284630 1031.536640 318.136320
1.299480 998.768640 289.704960
1.304690 1010.073600 408.898560
1.311440 866.713600 235.069440
1.318070 749.096960 929.740800
1.324760 1262.141440 545.433600
1.516070 861.224960 491.842560
1.525470 849.489920 494.300160
1.527890 838.123520 496.158720
1.532220 839.147520 506.311680
1.545660 835.194880 604.892160
1.552420 837.775360 618.224640
1.559000 827.596800 651.386880
1.565740 801.402880 541.178880
1.572400 802.959360 545.233920
1.579260 823.214080 509.245440
1.586140 794.746880 525.818880
1.592740 791.797760 511.626240
1.599370 794.480640 514.913280
1.606270 774.000640 503.086080
1.612750 770.949120 489.016320
1.620780 768.962560 441.907200
1.626240 751.841280 426.731520
1.639730 822.947840 429.020160
1.646340 766.771200 383.861760
1.659810 779.694080 384.936960
1.666180 772.997120 408.514560
1.673020 774.389760 418.990080
1.679850 822.681600 437.145600
1.686430 808.980480 419.957760
1.693130 810.557440 424.151040
1.700000 788.623360 485.591040
1.706520 868.126720 465.960960
1.719990 883.589120 454.840320
1.726610 905.216000 414.704640
1.737260 903.188480 400.035840
1.739900 875.929600 423.260160
1.746950 917.381120 446.069760
1.760230 926.638080 424.304640
1.773500 910.745600 444.963840
1.780380 923.668480 448.773120
1.786890 922.357760 402.938880
1.800490 902.103040 366.858240
1.807070 890.941440 399.144960
1.820620 915.210240 391.111680
1.827080 914.247680 416.133120
1.833930 915.476480 420.142080
1.842770 892.723200 362.234880
1.847060 922.746880 407.623680
1.854140 921.948160 395.427840
1.860570 948.633600 411.740160
1.867440 890.839040 359.224320
1.874180 887.930880 350.330880
1.880670 918.405120 335.877120
1.894100 876.400640 427.668480
1.900620 879.022080 402.278400
1.907590 897.597440 344.785920
1.914140 899.932160 361.820160
1.920960 901.980160 476.160000
1.927540 909.967360 502.133760
1.934470 907.960320 488.156160
1.940950 852.705280 447.836160
1.949370 901.693440 399.836160
1.961100 904.908800 438.574080
1.967740 900.362240 458.050560
1.981140 879.288320 490.352640
1.994760 860.344320 515.635200
2.001340 843.304960 343.080960
2.008080 829.767680 533.821440
2.023360 810.147840 490.659840
2.028070 793.108480 469.662720
2.041430 787.927040 470.154240
2.048180 836.648960 515.819520
2.069030 821.370880 421.432320
2.074940 822.517760 431.784960
2.081880 791.654400 402.984960
2.088400 763.719680 457.559040
2.095070 765.337600 461.598720
2.103090 870.481920 532.915200
2.108410 856.268800 505.006080
2.121770 857.497600 530.626560
2.128540 828.907520 483.747840
2.135380 826.286080 469.524480
2.141960 787.271680 548.090880
2.151220 893.829120 491.059200
2.156980 894.730240 501.120000
2.162020 1085.665280 612.357120
2.172030 1028.648960 493.532160
2.175240 1029.734400 497.233920
2.182030 1013.534720 625.658880
2.188950 1022.709760 615.229440
2.209130 1061.662720 564.096000
2.215650 1060.823040 550.686720
2.222460 1065.328640 582.973440
2.229020 1099.427840 558.627840
2.235700 1098.977280 568.243200
2.243370 1125.683200 656.808960
2.249080 1164.247040 653.998080
2.255810 1164.308480 666.777600
2.262650 1101.721600 704.010240
2.269200 1119.805440 707.189760
2.306180 1124.515840 765.312000
2.309340 1135.718400 768.829440
2.316040 1136.209920 759.751680
2.329560 1094.103040 684.026880
2.336990 1093.201920 680.586240
2.342850 1093.386240 681.446400
2.349710 1073.930240 640.097280
2.362910 1113.088000 794.388480
2.369810 1115.525120 712.535040
2.376330 1115.975680 725.176320
2.387370 1084.436480 733.854720
2.392190 1057.464320 755.281920
2.396600 997.969920 695.454720
2.708470 1074.913280 426.178560
2.727850 1195.089920 414.397440
2.731260 1205.248000 417.884160
2.738010 1206.374400 406.886400
2.744570 1195.008000 390.374400
2.751260 1199.165440 378.501120
2.761500 1198.510080 374.400000
2.764780 1197.219840 429.373440
2.771710 1240.965120 309.319680
2.778180 1242.234880 298.014720
2.785080 1216.942080 315.018240
2.791630 1241.354240 374.753280
2.805540 1212.170240 374.446080
2.811770 1178.603520 405.872640
2.827420 1144.627200 411.816960
2.831660 1213.235200 513.024000
2.838550 1215.016960 505.098240
2.845340 975.360000 750.612480
3.088210 1151.815680 20.751360
3.092840 1175.797760 17.464320
3.099680 1175.736320 36.695040
3.119810 1207.767040 12.165120
3.126690 1052.672000 37.601280
3.135390 1053.184000 82.483200
3.139980 1054.105600 87.290880
3.146580 1031.966720 79.365120
3.154200 1044.930560 100.300800
3.166880 1062.236160 29.660160
3.173390 1075.712000 11.827200
3.180390 1074.728960 6.958080
3.186930 1112.514560 34.145280
3.193480 1115.463680 59.965440
3.200190 1115.873280 77.368320
3.207070 1137.807360 56.709120
3.213590 1167.728640 89.886720
3.220270 1168.547840 94.479360
3.228530 1183.088640 81.039360
3.233670 1202.872320 71.900160
3.240590 1203.118080 54.359040
3.253770 1140.633600 15.467520
3.267010 1095.393280 10.890240
3.273780 1160.069120 9.999360
3.287260 1072.619520 31.242240
3.293970 1084.047360 50.181120
3.307360 1098.280960 41.072640
3.314170 1101.967360 51.671040
3.322170 1101.598720 64.220160
3.327470 1117.204480 99.686400
3.334310 1108.889600 103.587840
3.340840 1109.360640 120.637440
3.347580 1095.598080 164.229120
3.354480 1097.318400 187.453440
3.360930 1097.912320 204.226560
3.374500 1063.505920 103.511040
3.376890 1090.314240 206.776320
3.388010 1122.201600 171.371520
3.394430 1088.819200 235.637760
3.407830 1256.448000 339.717120
3.416370 1270.435840 407.347200
3.428010 1236.684800 421.109760
3.434690 1217.413120 398.177280
3.448020 1220.874240 382.356480
3.454740 1240.186880 379.898880
3.476700 1237.299200 370.821120
3.488160 1231.339520 477.465600
3.495140 1241.374720 457.989120
3.509490 1229.598720 396.687360
3.515210 1252.720640 414.090240
3.521680 1253.949440 402.954240
3.528450 1244.753920 419.358720
3.535080 1257.226240 411.494400
3.548490 1288.007680 377.226240
3.557490 1250.652160 366.289920
3.561880 1251.266560 351.406080
3.568540 1278.443520 342.681600
3.575560 1207.500800 343.848960
3.581970 1206.517760 354.708480
3.590950 1213.685760 387.916800
3.595370 1210.019840 381.987840
3.603650 1209.733120 396.856320
3.608860 1230.929920 466.022400
3.615840 1221.427200 509.506560
3.622170 1221.038080 523.683840
3.629090 1195.171840 528.368640
3.642260 1215.262720 508.999680
3.651430 1160.642560 427.438080
3.655660 1246.822400 410.680320
3.662550 1247.416320 395.796480
3.669090 1224.499200 399.882240
3.675750 1273.651200 385.735680
3.689150 1262.673920 377.533440
3.702400 1263.349760 381.588480
3.709400 1235.722240 425.041920
3.716030 1227.714560 476.697600
3.729560 1249.157120 506.680320
3.736100 1254.072320 460.769280
3.743170 1253.396480 456.960000
3.763050 1254.051840 459.586560
3.769590 1288.110080 451.445760
3.776400 1277.931520 438.082560
3.782960 1276.497920 448.634880
3.791340 1259.417600 502.348800
3.804950 1291.079680 463.518720
3.811200 1299.476480 501.027840
3.816590 1302.794240 561.377280
3.829790 1261.301760 528.737280
3.837650 1259.008000 561.530880
3.850110 1244.549120 566.492160
3.863320 1245.532160 553.497600
3.870110 1203.404800 578.503680
3.876750 1148.579840 541.839360
3.884490 1149.214720 531.471360
3.890370 1166.172160 546.570240
3.896670 1159.229440 530.042880
3.903580 1159.127040 516.096000
3.910370 1168.855040 374.031360
3.919150 1126.195200 481.351680
3.923550 1125.416960 477.634560
3.931970 1314.529280 436.608000
3.936990 1261.649920 565.125120
3.944330 1263.656960 557.383680
3.957060 1163.243520 351.068160
3.963970 1036.513280 1041.761280
4.147320 1161.216000 235.852800
4.158570 1222.164480 672.092160
4.165910 1223.065600 675.717120
4.171250 1207.787520 614.830080
4.178030 1200.128000 698.112000
4.184810 1200.128000 698.112000
4.191380 1197.383680 632.878080
4.198080 1188.536320 608.563200
4.204970 1188.659200 594.708480
4.212430 1191.424000 576.614400
4.218300 1174.384640 720.384000
4.225060 1173.360640 729.630720
4.231910 1188.925440 636.211200
4.238400 1201.438720 624.445440
4.247150 1201.192960 638.284800
4.251630 1119.846400 686.023680
4.259240 1121.976320 739.261440
4.265210 1122.385920 752.471040
4.271890 1120.317440 750.351360
4.278600 1121.812480 864.721920
4.292160 1184.460800 747.755520
4.298670 1199.964160 778.291200
4.312180 1191.772160 767.247360
4.318770 1232.322560 753.085440
4.325460 1231.237120 761.687040
4.332370 935.116800 1029.550080
4.338870 990.822400 1217.710080
4.345690 992.194560 1226.234880
4.368180 1012.408320 1193.425920
4.376360 1003.171840 1163.750400
4.382400 1014.251520 1161.815040
4.388340 1016.176640 1168.773120
4.393960 1000.796160 1252.515840
4.400050 1003.212800 1239.674880
4.412620 1001.492480 1240.412160
4.419310 1014.722560 1309.593600
4.426230 1014.763520 1303.833600
4.432840 945.397760 1279.057920
4.439410 952.811520 1192.350720
4.446900 951.091200 1183.488000
4.452940 882.360320 1264.235520
4.460230 889.794560 1245.204480
4.466110 887.644160 1236.925440
4.473030 917.688320 1161.553920
4.479440 925.696000 1159.557120
4.493330 949.125120 1227.540480
4.499680 949.063680 1161.630720
4.506590 949.534720 1167.989760
4.513100 968.929280 1216.773120
4.519820 979.660800 1216.158720
4.526580 981.135360 1224.698880
4.533190 970.035200 1259.934720
4.540140 972.390400 1291.238400
4.546750 973.946880 1299.379200
4.553300 968.089600 1269.212160
4.560120 968.826880 1303.848960
4.574240 961.064960 1286.138880
4.580080 966.615040 1279.334400
4.593450 941.936640 1273.313280
4.600160 955.576320 1232.471040
4.607060 955.084800 1226.357760
4.613500 995.512320 1225.098240
4.620350 991.744000 1240.842240
4.626950 990.310400 1232.394240
4.633570 912.568320 1213.639680
4.640470 901.652480 1219.752960
4.646830 900.321280 1217.418240
4.653730 904.294400 1233.192960
4.660490 905.482240 1201.766400
4.667130 907.509760 1210.398720
4.673840 902.451200 1250.688000
4.690840 914.206720 1288.581120
4.693920 916.234240 1296.721920
4.696320 903.741440 1306.106880
4.707330 948.019200 1301.022720
4.714020 944.680960 1321.052160
4.720650 930.836480 1307.136000
4.727540 930.119680 1301.068800
4.734120 933.314560 1287.936000
4.740750 927.662080 1275.325440
4.755250 992.296960 1234.206720
4.761010 944.046080 1233.331200
4.767530 942.305280 1224.990720
4.781130 964.423680 1240.320000
4.794390 956.436480 1003.560960
4.801220 1103.380480 748.339200
4.814420 1053.102080 493.056000
4.827880 1082.081280 432.783360
4.834520 1035.653120 621.880320
4.841410 997.232640 553.543680
4.854700 1050.152960 555.878400
4.861520 1038.417920 529.305600
4.868430 1038.458880 538.951680
4.874890 1031.802880 710.968320
4.881400 1047.060480 679.495680
4.896970 1067.274240 692.582400
4.903340 1086.812160 613.002240
4.908290 1087.488000 626.442240
4.915040 1075.752960 797.568000
4.921620 1092.526080 760.243200
4.935270 1086.935040 753.024000
4.941920 1103.687680 713.871360
4.955170 1069.629440 637.916160
4.967850 1061.478400 690.048000
4.971860 1060.618240 677.268480
4.975790 1119.027200 552.391680
4.982180 1051.381760 574.894080
4.988810 1050.419200 550.609920
4.995590 1081.774080 565.048320
5.002010 1110.650880 595.461120
5.018590 1034.321920 506.603520
5.021910 1046.425600 532.162560
5.029040 1045.114880 537.661440
5.035790 1125.580800 573.035520
5.042230 1070.592000 624.414720
5.049070 1072.353280 641.802240
5.056490 1074.339840 650.465280
5.062520 1103.360000 615.997440
5.069020 1103.933440 630.589440
5.082440 1216.757760 585.722880
5.089040 1216.122880 582.312960
5.096010 1251.573760 748.846080
5.110490 1257.533440 752.455680
5.118680 1251.696640 826.106880
5.130160 1251.082240 837.688320
5.142620 1245.368320 707.481600
5.150220 1246.658560 698.112000
5.156160 1284.096000 718.295040
5.162680 1304.412160 740.428800
5.169410 1303.818240 737.187840
5.176320 1282.949120 736.803840
5.182840 1239.859200 739.261440
5.196300 1270.517760 796.124160
5.202910 1250.078720 793.728000
5.209810 1249.484800 805.678080
5.216310 1261.260800 873.246720
5.224540 1239.900160 868.362240
5.236500 1265.827840 887.838720
5.243310 1270.108160 852.433920
5.249780 1271.541760 843.878400
5.256480 1071.759360 1310.208000
5.263370 1044.111360 329.932800
5.448010 1116.426240 630.389760
5.455020 1115.914240 639.836160
5.457330 1134.428160 582.942720
5.464150 1214.156800 648.391680
5.471040 1213.829120 661.171200
5.477550 1228.574720 575.984640
5.484350 1155.993600 612.065280
5.490980 1156.116480 625.489920
5.497690 1181.552640 661.232640
5.504480 1206.886400 731.089920
5.511080 1207.971840 722.073600
5.517700 1207.951360 641.418240
5.527120 1216.020480 637.255680
5.531340 1215.283200 633.692160
5.538170 1210.736640 536.647680
5.544630 1227.612160 592.757760
5.574930 1209.221120 607.472640
5.578090 1211.187200 590.684160
5.584880 1198.366720 636.564480
5.591390 1199.124480 646.871040
5.598080 1165.373440 633.630720
5.604950 1157.959680 667.622400
5.611520 1158.717440 658.007040
5.618180 1079.152640 663.260160
5.625080 1052.282880 693.073920
5.638290 1178.705920 677.483520
5.645200 1145.262080 692.275200
5.651680 1145.057280 679.864320
5.658580 1093.386240 647.439360
5.669850 1065.922560 576.660480
5.672640 1065.615360 586.199040
5.678460 1021.931520 679.818240
5.685160 1057.976320 697.006080
5.692050 1058.836480 709.509120
5.705270 1079.009280 755.973120
5.712140 1079.910400 759.275520
5.718690 1066.844160 671.569920
5.732240 1079.664640 675.671040
5.738760 1081.774080 649.804800
5.745490 1093.222400 627.087360
5.754060 1092.608000 614.154240
5.758880 1108.541440 588.979200
5.765650 1115.545600 615.244800
5.778790 1069.957120 664.719360
5.785820 1096.355840 643.307520
5.800180 1186.488320 724.024320
5.805920 1369.149440 644.766720
5.819300 1359.810560 650.542080
5.825800 1329.233920 782.008320
5.839410 1377.751040 675.102720
5.847040 1363.906560 670.279680
5.859520 1309.941760 730.506240
5.866020 1331.650560 720.030720
5.881870 1302.507520 719.124480
5.887780 1320.591360 757.585920
5.899510 1368.186880 742.824960
5.906440 1364.193280 713.978880
5.912870 1362.145280 722.611200
5.919640 1340.416000 744.898560
5.926420 1330.257920 759.751680
5.933070 1329.049600 771.686400
5.941890 1333.616640 818.718720
5.955070 1291.223040 812.528640
5.960410 1290.301440 824.340480
5.964870 1273.036800 835.138560
5.970190 1283.153920 821.053440
5.980070 1283.932160 848.532480
5.997720 1290.035200 849.914880
6.000590 1311.723520 836.305920
6.006520 1319.137280 784.619520
6.013510 1321.021440 775.480320
6.020090 1331.077120 832.742400
6.026930 1365.176320 744.668160
6.034140 1364.561920 741.488640
6.040230 1324.195840 700.032000
6.046980 1362.841600 775.127040
6.060250 1313.648640 832.097280
6.067120 1320.714240 892.615680
6.081080 1257.369600 837.012480
6.087290 1300.705280 858.117120
6.093750 1302.261760 849.715200
6.103230 1303.121920 788.136960
6.107140 1484.165120 618.961920
6.114050 1483.898880 615.567360
6.120530 1379.819520 501.058560
6.129020 1395.445760 492.733440
6.140660 1388.974080 621.020160
6.147530 1418.915840 618.178560
6.154030 1416.990720 631.357440
6.160810 1412.833280 572.421120
6.175850 1389.445120 540.979200
6.180930 1348.280320 494.960640
6.187730 1399.889920 417.623040
6.194220 1401.651200 402.908160
6.200920 1369.559040 441.615360
6.208200 1405.890560 447.206400
6.214180 1405.624320 443.473920
6.221530 1452.933120 554.465280
6.227880 1424.281600 554.741760
6.234470 1422.336000 568.166400
6.241110 1364.459520 542.745600
6.254390 1385.492480 513.408000
6.261210 1398.886400 507.786240
6.268760 1429.319680 480.215040
6.274670 1431.306240 466.037760
6.281300 1333.616640 418.329600
6.294690 1393.152000 503.823360
6.301570 1442.918400 485.606400
6.308090 1355.776000 533.606400
6.323110 1356.308480 537.292800
6.325270 1333.473280 446.146560
6.328030 1383.997440 414.658560
6.335030 1381.826560 425.349120
6.341570 1331.732480 405.181440
6.348360 1294.254080 330.286080
6.363120 1246.105600 75.586560
6.375670 1209.507840 267.709440
6.381920 1176.289280 336.368640
6.388710 1213.665280 287.385600
6.395390 1213.992960 271.564800
6.401910 1174.958080 243.886080
6.408950 1202.319360 180.111360
6.422010 1202.401280 201.047040
6.431980 1235.087360 261.350400
6.442160 1151.549440 236.282880
6.448960 1169.346560 200.924160
6.458120 1168.527360 212.413440
6.468830 1184.460800 196.884480
6.475550 1185.116160 201.384960
6.482320 1171.865600 282.101760
6.489140 1212.456960 263.485440
6.505570 1214.771200 305.571840
6.509330 1200.271360 290.749440
6.515740 1200.476160 275.328000
6.522630 1155.502080 224.317440
6.529130 1145.159680 154.644480
6.535710 1144.422400 166.609920
6.542460 1192.325120 186.946560
6.549920 1195.724800 228.879360
6.562620 1231.462400 287.431680
6.569510 1162.219520 204.195840
6.576010 1163.038720 208.573440
6.582770 1176.862720 307.829760
6.589610 1173.483520 223.825920
6.611310 1097.072640 202.214400
6.616390 1096.519680 185.994240
6.623230 1142.906880 172.815360
6.629500 1174.323200 121.820160
6.657360 1174.302720 138.378240
6.662930 1150.935040 204.610560
6.669870 1126.727680 315.002880
6.676480 1126.256640 325.969920
6.683460 1163.284480 272.962560
6.693530 1164.615680 328.596480
6.696660 1165.393920 340.592640
6.703450 1123.287040 296.540160
6.710040 1111.326720 285.342720
6.716710 1111.797760 301.347840
6.723650 1086.955520 379.115520
6.730070 1105.940480 254.684160
6.740160 1106.288640 242.749440
6.743460 1200.332800 343.434240
6.750250 1191.976960 333.957120
6.763410 1087.119360 828.794880
6.965630 1422.295040 613.232640
6.978820 1424.240640 599.961600
6.984460 1320.837120 570.839040
6.991150 1334.661120 592.450560
7.004530 1393.766400 593.464320
7.011240 1441.525760 578.979840
7.019740 1439.436800 592.204800
7.024800 1400.156160 662.353920
7.031350 1391.841280 688.343040
7.038170 1392.291840 691.645440
7.044920 1310.638080 648.821760
7.051790 1347.829760 640.573440
7.058350 1349.201920 627.578880
7.067440 1325.424640 638.684160
7.080190 1324.810240 612.142080
7.086550 1377.034240 622.371840
7.091890 1351.147520 582.773760
7.105210 1345.679360 598.533120
7.113430 1350.963200 566.123520
7.118600 1349.201920 575.662080
7.125380 1368.145920 652.600320
7.131990 1378.406400 637.025280
7.138750 1376.829440 649.804800
7.152100 1345.740800 612.894720
7.159720 1344.368640 626.196480
7.165460 1393.991680 636.518400
7.172140 1409.024000 685.992960
7.178970 1411.276800 676.669440
7.185610 1494.036480 642.370560
7.194650 1258.967040 626.872320
7.198900 1258.270720 623.185920
7.206080 1325.322240 624.199680
7.212390 1347.194880 658.959360
7.232420 1406.730240 647.792640
7.239210 1407.098880 651.233280
7.246030 1434.787840 650.219520
7.254690 1397.555200 683.443200
7.259280 1397.207040 680.202240
7.266120 1343.569920 735.544320
7.272670 1275.105280 664.442880
7.279520 1276.477440 655.272960
7.292710 1424.363520 665.825280
7.316500 1422.110720 675.118080
7.320110 1411.461120 646.333440
7.323560 1413.652480 636.948480
7.329190 1423.032320 658.099200
7.339770 1361.305600 632.678400
7.347160 1367.244800 652.631040
7.352990 1367.183360 646.871040
7.359840 1368.657920 634.260480
7.366380 1374.822400 629.007360
7.373080 1380.188160 609.761280
7.386480 1397.063680 570.547200
7.394320 1403.187200 652.339200
7.408490 1402.982400 585.646080
7.413490 1359.523840 645.934080
7.419940 1357.537280 655.150080
7.433890 1393.561600 655.165440
7.441620 1391.861760 667.852800
7.446760 1395.712000 695.347200
7.453420 1371.648000 726.881280
7.460370 1371.996160 730.321920
7.466860 1392.107520 715.069440
7.480240 1408.327680 678.881280
7.487960 1403.904000 615.767040
7.493840 1450.065920 663.936000
7.500310 1449.758720 660.633600
7.507060 1423.933440 642.078720
7.513960 1472.860160 629.099520
7.522740 1473.085440 632.494080
7.527110 1404.088320 629.990400
7.534920 1399.992320 630.451200
7.547350 1469.460480 584.908800
7.553920 1431.695360 627.486720
7.560650 1433.661440 614.737920
7.567450 1457.008640 639.360000
7.574010 1539.706880 629.944320
7.587600 1493.626880 789.657600
7.593960 1520.988160 651.816960
7.607700 1508.270080 644.136960
7.614210 1517.568000 742.824960
7.620920 1517.752320 745.912320
7.638260 1494.384640 699.740160
7.640870 1485.475840 659.466240
7.643460 1482.792960 668.743680
7.647770 1439.621120 719.431680
7.654470 1493.606400 706.022400
7.668000 1441.157120 733.194240
7.681390 1416.499200 736.220160
7.687870 1493.217280 732.779520
7.694650 1467.637760 724.439040
7.701480 1469.931520 712.166400
7.708070 1447.014400 765.634560
7.714700 1449.553920 689.541120
7.729940 1497.251840 722.273280
7.735750 1523.650560 675.548160
7.754820 1480.929280 768.337920
7.769350 1431.818240 619.269120
7.775180 1490.554880 585.477120
7.781730 1487.872000 595.015680
7.788630 1437.675520 716.881920
7.795080 1465.036800 861.911040
7.801820 1462.804480 872.954880
7.808680 1429.032960 683.197440
7.821850 1437.614080 801.899520
7.829160 1255.075840 832.343040
7.835250 1173.913600 939.494400
7.842160 1174.814720 931.322880
7.850610 1134.018560 989.122560
7.855180 1150.238720 991.580160
7.863040 1149.337600 988.677120
7.875610 1180.815360 943.841280
7.888870 1155.604480 938.280960
7.895570 1120.337920 968.540160
7.902510 1121.198080 971.274240
7.915910 1129.697280 933.534720
7.922440 1128.919040 930.616320
7.929010 1193.472000 892.723200
7.935990 1236.869120 907.484160
7.942410 1238.056960 899.543040
7.949190 1208.176640 969.661440
7.977810 1098.096640 1006.356480
7.982800 1098.792960 1003.898880
7.989370 1115.299840 926.361600
7.996100 1187.328000 886.164480
8.005200 1185.546240 885.749760
8.009400 1147.842560 897.853440
8.016290 1109.893120 915.041280
8.022790 1110.384640 925.839360
8.029490 1154.027520 965.283840
8.036430 1063.055360 925.747200
8.042890 1063.915520 936.729600
8.056450 1202.135040 868.224000
8.064270 1203.077120 859.776000
8.070450 1200.865280 833.571840
8.076630 1069.301760 864.245760
8.083070 1068.482560 852.894720
8.089850 1112.801280 880.849920
8.097130 1115.136000 781.946880
8.103240 1114.685440 770.211840
8.109990 1179.217920 769.520640
8.116800 1211.965440 783.144960
8.130560 1119.518720 729.016320
8.136940 1130.311680 809.733120
8.150000 1191.034880 747.786240
8.163710 1199.042560 830.177280
8.173120 1122.672640 695.608320
8.181530 1135.616000 721.689600
8.184280 1135.042560 730.444800
8.193670 1180.549120 697.789440
8.197010 1135.165440 771.041280
8.203890 1135.452160 782.914560
8.210430 1180.487680 768.675840
8.217350 1151.631360 769.013760
8.224020 1152.430080 772.239360
8.230500 1148.805120 785.510400
8.244070 1140.305920 725.683200
8.250720 1183.047680 809.594880
8.257500 1134.080000 807.413760
8.264290 1133.301760 804.188160
8.270710 1132.625920 462.151680
8.277590 1145.876480 411.248640
8.292950 1142.722560 440.033280
8.297360 1073.602560 504.253440
8.304440 1074.380800 518.430720
8.310790 1090.498560 556.631040
8.317720 1096.110080 465.853440
8.324210 1096.355840 455.193600
8.331280 1161.502720 541.025280
8.337830 1149.235200 537.200640
8.344370 1149.030400 523.330560
8.357690 1168.199680 444.318720
8.364400 1168.158720 430.064640
8.371130 1097.011200 430.172160
8.378500 1126.809600 435.517440
8.395440 1115.709440 437.207040
8.411550 1117.429760 459.540480
8.417980 1122.058240 464.655360
8.424840 1121.525760 474.992640
8.431410 1146.327040 462.228480
8.438250 1124.270080 436.346880
8.444800 1125.191680 440.110080
8.451710 1171.824640 480.076800
8.458170 1156.116480 408.176640
8.471710 1177.477120 407.900160
8.480810 1162.956800 430.540800
8.485650 1162.158080 426.823680
8.492240 1165.578240 516.602880
8.500680 1139.978240 438.451200
8.506530 1139.650560 462.412800
8.511610 1130.045440 539.873280
8.518630 1193.451520 580.823040
8.525180 1193.103360 607.150080
8.531850 1170.022400 581.376000
8.538720 1145.548800 585.523200
8.545450 1145.753600 598.379520
8.551950 1161.953280 605.598720
8.558840 1180.057600 600.775680
8.565410 1180.712960 591.406080
8.572040 1164.820480 543.682560
8.578940 1106.165760 540.702720
8.585440 1106.042880 516.602880
8.592210 1066.741760 391.265280
8.598950 1070.694400 382.540800
8.605540 1069.035520 364.492800
8.612930 1129.431040 447.144960
8.618930 1108.275200 415.979520
8.632280 1094.635520 427.176960
8.638970 1096.314880 441.553920
8.645870 1096.908800 456.330240
8.652410 1086.873600 430.771200
8.659130 1086.218240 405.073920
8.665990 1086.402560 394.106880
8.672520 1101.516800 405.120000
8.679210 1100.779520 335.308800
8.686020 1100.226560 319.764480
8.692610 1074.769920 335.493120
8.699300 1060.085760 283.822080
8.712930 1137.418240 220.047360
8.719600 1135.390720 130.836480
8.726080 1134.735360 142.909440
8.732810 1118.474240 222.735360
8.739490 1063.895040 226.283520
8.746270 1064.714240 242.396160
8.753770 1154.682880 304.711680
8.759640 1187.962880 366.919680
8.766400 1188.679680 370.944000
8.773000 1093.713920 315.601920
8.779660 1079.787520 259.061760
8.786570 1079.070720 242.964480
8.793060 1196.154880 284.129280
8.803350 1149.153280 371.097600
8.807380 1148.272640 366.873600
8.813290 1092.259840 306.232320
8.820200 1059.164160 307.829760
8.827600 1060.311040 312.145920
8.837550 1170.186240 318.812160
8.840450 1105.530880 227.312640
8.853910 1084.968960 292.746240
8.860040 1128.734720 334.848000
8.873360 1140.449280 225.991680
8.880140 1088.307200 298.967040
8.887030 1088.983040 314.849280
8.896510 1143.193600 319.810560
8.900960 1170.780160 338.181120
8.906940 1171.517440 326.645760
8.913620 1152.245760 331.868160
8.920460 1183.969280 315.847680
8.933730 1193.738240 211.384320
8.958040 1166.213120 212.259840
8.962540 1180.917760 142.801920
8.967120 1180.262400 130.206720
8.980690 1166.766080 194.841600
8.994260 1149.767680 214.440960
9.000680 1184.215040 160.896000
9.014190 1161.953280 145.536000
9.021020 1166.786560 230.599680
9.034390 1183.334400 203.735040
9.041010 1177.722880 203.612160
9.054260 1203.773440 164.628480
9.061200 1194.352640 191.400960
9.074630 1195.212800 212.567040
9.081100 1125.253120 47.616000
9.094680 1120.174080 230.737920
9.101250 1156.341760 266.449920
9.114860 1278.812160 542.438400
9.121380 932.249600 328.043520
9.335610 1036.533760 48.599040
9.342150 991.088640 43.991040
9.355550 1084.887040 41.748480
9.362340 1129.820160 37.263360
9.375820 1012.715520 49.935360
9.382330 997.191680 10.122240
9.395730 1176.760320 15.375360
9.402430 1019.125760 45.020160
9.409150 1019.248640 57.461760
9.422600 1041.653760 195.870720
9.429390 1042.432000 200.494080
9.436150 1074.421760 61.455360
9.443060 1137.930240 118.164480
9.456370 1015.603200 81.331200
9.462930 1045.524480 97.966080
9.469630 1044.582400 80.916480
9.496850 961.925120 111.959040
9.503140 1019.699200 196.776960
9.516700 1074.708480 54.097920
9.523230 1136.353280 108.733440
9.536810 1101.004800 26.342400
9.556970 982.896640 117.841920
9.563420 997.519360 129.792000
9.570300 998.625280 134.476800
9.576830 1041.612800 145.904640
9.583550 1048.719360 212.490240
9.592060 1048.616960 224.455680
9.599950 1004.933120 211.107840
9.603570 1038.131200 184.412160
9.617000 1098.321920 177.454080
9.623600 1083.392000 112.312320
9.639820 1115.340800 97.075200
9.643800 1134.039040 103.342080
9.650700 1133.752320 86.446080
9.663890 1102.950400 4.085760
9.677290 1196.093440 292.254720
9.686610 1206.210560 320.209920
9.690670 1207.418880 307.998720
9.697520 1121.894400 145.950720
9.706670 1142.988800 103.388160
9.710550 1142.046720 98.304000
9.717600 1244.876800 163.568640
9.724150 1199.820800 206.822400
9.737770 1166.704640 177.530880
9.744260 1244.057600 208.942080
9.757680 1215.242240 290.657280
9.764350 1241.702400 290.841600
9.771200 1243.074560 278.369280
9.780040 1217.474560 209.095680
9.791260 1183.989760 312.468480
9.797850 1230.356480 193.812480
9.804540 1155.645440 194.042880
9.817720 1187.717120 288.952320
9.827490 1189.498880 336.783360
9.831370 1189.335040 353.326080
9.838250 1198.264320 230.046720
9.851550 1339.719680 41.748480
9.864810 1364.336640 61.347840
9.873230 1364.869120 66.048000
9.878220 1253.601280 78.566400
9.884930 1304.289280 76.200960
9.938580 1319.198720 68.029440
9.945350 1307.627520 117.934080
9.951910 1307.033600 139.960320
9.958720 1304.616960 163.153920
9.967520 1290.280960 162.339840
9.972010 1291.857920 149.498880
9.978850 1319.034880 93.849600
9.985400 1312.071680 61.194240
9.992110 1314.160640 27.617280
9.998710 1292.984320 53.667840
10.005630 1308.610560 71.301120
10.014210 1309.675520 54.266880
10.025610 1320.325120 77.629440
10.045680 1304.207360 22.901760
10.061840 1229.230080 4.085760
10.065930 1234.677760 2.519040
10.079170 1295.257600 35.251200
10.085850 1299.333120 45.680640
10.099270 1303.203840 108.441600
10.107670 1280.757760 87.782400
10.119520 1293.824000 129.807360
10.132750 1276.948480 87.137280
10.139510 1307.688960 68.398080
10.145920 1303.162880 134.522880
10.159710 1304.535040 112.358400
10.166180 1303.285760 119.685120
10.179570 1312.481280 97.720320
10.186340 1289.625600 92.559360
10.193230 1288.048640 104.724480
10.201980 1310.863360 156.211200
10.206460 1375.846400 95.416320
10.213240 1376.235520 99.747840
10.226530 1135.022080 761.948160
10.239960 1179.320320 875.182080
10.255670 1180.405760 855.029760
10.266740 1177.272320 687.498240
10.273430 1176.371200 683.750400
10.280270 1200.025600 789.196800
10.286810 1164.369920 859.975680
10.295800 1165.127680 851.097600
10.300200 1100.963840 898.252800
10.306910 1121.218560 854.492160
10.320340 1165.783040 766.464000
10.327000 1185.013760 746.603520
10.333890 1185.751040 749.706240
10.343170 1187.573760 846.397440
10.347220 1204.817920 893.844480
10.353790 1204.531200 905.963520
10.360350 1050.951680 933.519360
10.366970 1084.477440 883.814400
10.373850 1083.801600 872.847360
10.380580 1107.906560 866.795520
10.389390 1134.059520 845.952000
10.400830 1192.140800 952.934400
10.414070 1141.207040 915.118080
10.420980 1150.955520 896.686080
10.427500 1169.489920 849.208320
10.440950 1159.761920 812.743680
10.447560 1165.680640 721.059840
10.461110 1176.698880 760.135680
10.470070 1183.703040 854.737920
10.481940 952.975360 745.543680
10.488280 864.849920 603.079680
10.494430 863.703040 592.327680
10.507860 761.057280 319.779840
10.514520 760.770560 325.862400
10.521430 735.764480 366.213120
10.530510 747.089920 411.786240
10.534760 750.264320 426.332160
10.541360 764.190720 451.875840
10.548050 794.869760 464.778240
10.554940 799.764480 485.191680
10.568220 626.810880 539.258880
10.578580 622.551040 525.081600
10.581280 789.504000 510.812160
10.588060 725.340160 354.785280
10.595060 723.783680 350.469120
10.601620 708.833280 385.413120
10.615130 742.522880 467.758080
10.621470 757.084160 519.029760
10.628440 767.098880 529.751040
10.635630 768.737280 533.652480
10.641800 799.539200 539.888640
10.648620 741.273600 537.615360
10.655240 737.914880 523.484160
10.661900 706.785280 524.774400
10.671420 713.154560 477.004800
10.683340 714.813440 402.324480
10.690060 760.094720 370.298880
10.695180 761.733120 381.158400
10.702230 781.168640 347.120640
10.708790 797.614080 374.353920
10.715890 800.501760 389.498880
10.722320 804.311040 408.867840
10.728890 798.105600 401.648640
10.735580 801.034240 416.931840
10.742410 791.326720 547.092480
10.755610 807.280640 537.062400
10.763920 783.831040 524.881920
10.769080 775.372800 488.325120
10.782450 744.427520 554.158080
10.789190 734.208000 552.821760
10.802380 744.222720 524.421120
10.810330 740.904960 543.697920
10.822810 751.063040 533.867520
10.829260 745.390080 524.759040
10.842660 737.894400 519.644160
10.849420 742.051840 548.659200
10.862790 731.791360 527.370240
10.869780 715.735040 505.205760
10.882960 818.524160 523.100160
10.889630 784.281600 513.776640
10.896540 781.250560 499.491840
10.909820 720.527360 360.483840
10.916510 717.045760 345.154560
10.923300 751.779840 226.944000
10.929830 731.832320 269.045760
10.936520 733.470720 280.335360
10.943350 886.824960 513.484800
10.951620 905.891840 472.888320
10.963310 865.935360 546.831360
10.970010 858.398720 549.657600
10.976690 860.835840 563.727360
10.990120 869.191680 583.787520
11.003540 821.370880 544.496640
11.010980 893.030400 554.572800
11.023610 878.960640 545.617920
11.030490 869.990400 597.212160
11.043450 871.854080 570.224640
11.057050 819.486720 587.658240
11.063780 809.021440 572.574720
11.070590 868.413440 563.896320
11.083880 899.645440 623.508480
11.091210 883.404800 625.966080
11.103790 921.518080 643.891200
11.110880 929.116160 627.978240
11.126200 958.730240 584.064000
11.130700 1087.344640 696.913920
11.144160 1125.150720 813.373440
11.150990 1075.425280 835.046400
11.164230 1140.879360 807.659520
11.171160 1147.105280 818.165760
11.185430 1122.037760 843.648000
11.197750 1107.025920 865.766400
11.204570 1100.369920 733.255680
11.211140 1082.777600 763.115520
11.224540 1055.272960 791.101440
11.236180 1117.450240 824.171520
11.238450 1116.467200 820.884480
11.244790 1067.847680 742.901760
11.251370 1113.866240 785.326080
11.258150 1114.296320 776.586240
11.264730 1125.335040 798.428160
11.271440 1111.244800 832.128000
11.284810 1134.960640 852.433920
11.291650 1112.309760 812.083200
11.298220 1111.388160 809.088000
11.304930 1045.667840 989.260800
11.311770 1144.135680 1266.339840
11.318300 961.843200 949.340160
11.494050 1261.383680 996.311040
11.509130 1268.183040 1069.655040
11.514570 1209.630720 992.547840
11.519160 1210.552320 985.082880
11.532420 1217.638400 1002.439680
11.539210 1217.986560 992.209920
11.545870 1216.757760 987.786240
11.552520 1225.912320 1055.078400
11.567900 1213.214720 955.407360
11.572600 1210.327040 930.969600
11.579380 1209.344000 938.403840
11.586150 1210.757120 1021.624320
11.592710 1188.352000 926.438400
11.599430 1188.249600 937.128960
11.606550 1182.453760 1055.093760
11.612900 1185.095680 1030.087680
11.619490 1184.993280 1040.209920
11.626380 1170.595840 1080.069120
11.633120 1170.821120 1053.496320
11.646500 1161.932800 1153.873920
11.660010 1168.199680 1040.010240
11.667870 1100.697600 1044.111360
11.673630 1116.958720 935.316480
11.680260 1116.057600 932.136960
11.686720 1091.891200 1123.875840
11.693350 1044.234240 1282.314240
11.706800 984.842240 1265.356800
11.713690 986.624000 1259.504640
11.726890 945.991680 1175.654400
11.733820 1026.088960 1155.609600
11.740300 1024.962560 1146.700800
11.747220 1059.983360 1150.295040
11.760370 1033.768960 1151.170560
11.767210 952.033280 1177.528320
11.774920 930.611200 1196.037120
11.781810 931.983360 1198.417920
11.787040 947.875840 1183.610880
11.794260 945.909760 1189.693440
11.800550 946.421760 1196.021760
11.807460 1095.147520 1197.465600
11.820700 1084.456960 1173.288960
11.827350 1089.904640 1134.673920
11.834050 1107.947520 1164.979200
11.840930 1107.435520 1171.491840
11.847490 1104.404480 1161.154560
11.853930 1047.797760 1137.331200
11.867670 939.048960 1240.012800
11.874250 920.719360 1293.388800
11.881100 921.251840 1299.425280
11.891350 956.743680 1291.161600
11.894110 973.209600 1258.429440
11.907740 1005.465600 1263.283200
11.914500 1020.497920 1314.309120
11.921140 1021.685760 1322.250240
11.927810 1065.779200 1263.144960
11.934700 1073.643520 1249.459200
11.941230 1073.950720 1243.084800
11.947930 1123.061760 1353.262080
11.961270 1039.646720 1239.183360
11.968140 1069.875200 1299.962880
11.974710 1058.652160 1206.036480
11.988320 1042.411520 1279.979520
11.994600 1031.168000 1296.445440
12.008460 1060.720640 1366.241280
12.014920 1043.722240 1305.722880
12.021610 1043.578880 1311.175680
12.028830 1015.193600 1304.417280
12.035040 981.073920 1295.861760
12.041910 982.548480 1303.787520
12.048420 1026.170880 1376.778240
12.055300 1034.567680 1276.277760
12.068490 1239.879680 954.516480
12.075590 1302.466560 769.198080
12.088710 1272.504320 743.408640
12.095280 1312.378880 760.642560
12.111150 1339.330560 803.911680
12.115270 1329.930240 782.530560
12.128900 1274.511360 830.315520
12.135400 1283.194880 829.731840
12.149120 1291.100160 824.678400
12.155570 1313.484800 797.245440
12.162400 1315.287040 788.444160
12.168950 1253.314560 769.228800
12.175660 1274.593280 744.176640
12.182540 1273.958400 740.782080
12.195760 1316.904960 685.962240
12.202570 1318.563840 676.869120
12.209180 1353.912320 648.253440
12.219500 1410.908160 665.656320
12.222330 1408.716800 674.718720
12.229050 1202.319360 715.238400
12.235960 1238.077440 790.287360
12.249540 1293.864960 739.200000
12.256020 1297.469440 779.980800
12.262920 1298.083840 783.237120
12.269440 1395.261440 760.427520
12.276130 1199.288320 737.280000
12.289460 1243.136000 799.011840
12.296330 1262.653440 780.963840
12.316460 1342.033920 832.634880
12.322830 1340.702720 844.247040
12.329530 1293.332480 721.443840
12.336470 1270.661120 752.010240
12.349750 1321.451520 769.966080
12.356300 1294.929920 776.678400
12.363330 1296.445440 767.646720
12.369910 1249.996800 775.910400
12.383440 1289.113600 687.575040
12.390030 1280.532480 705.484800
12.396730 1201.684480 734.161920
12.410100 1147.105280 699.601920
12.416970 1193.758720 740.797440
12.430910 1188.638720 770.964480
12.437140 1097.256960 724.730880
12.443800 1096.683520 712.581120
12.450490 1044.090880 733.655040
12.456970 1105.592320 638.300160
12.470380 1057.443840 639.697920
