0.000000 827.820000 339.549000
0.016610 820.848000 349.902000
0.033250 798.386400 321.562500
0.049300 799.008000 325.678500
0.065750 820.780800 337.606500
0.082120 816.866400 356.905500
0.098310 815.858400 349.366500
0.114820 809.272800 330.088500
0.131030 821.923200 304.762500
0.163900 820.713600 326.959500
0.180400 846.787200 321.636000
0.213290 850.063200 343.182000
0.230230 874.087200 346.626000
0.246600 874.389600 350.626500
0.263490 829.634400 355.803000
0.279450 867.165600 359.163000
0.312260 844.519200 338.919000
0.330670 821.217600 328.188000
0.369580 816.967200 331.600500
0.378010 824.611200 359.478000
0.410630 708.808800 305.907000
0.427190 505.243200 268.075500
0.460240 343.812000 258.667500
0.478200 336.252000 232.932000
0.509160 393.775200 236.890500
0.525640 415.531200 255.748500
0.558510 418.924800 275.992500
0.574890 412.692000 279.909000
0.591380 414.657600 283.710000
0.607750 339.712800 304.710000
0.623930 287.532000 259.581000
0.641690 289.968000 263.518500
0.657170 311.119200 275.793000
0.673680 302.316000 275.803500
0.700650 304.735200 279.751500
0.706590 312.748800 282.891000
0.722930 329.716800 278.281500
0.755800 325.214400 284.413500
0.774190 301.845600 302.064000
0.788640 302.920800 304.300500
0.804800 289.447200 281.095500
0.821390 307.507200 290.503500
0.837920 310.968000 295.554000
0.854300 360.511200 336.399000
0.870790 329.817600 434.322000
0.903720 361.435200 664.513500
0.920390 368.407200 662.413500
0.936200 363.552000 658.087500
0.952740 350.145600 648.249000
0.968930 325.852800 620.938500
0.985620 321.115200 616.570500
1.002280 313.874400 619.794000
1.032080 347.222400 627.396000
1.051420 324.643200 642.138000
1.067880 319.267200 643.156500
1.084300 321.804000 645.382500
1.100800 326.054400 645.099000
1.117120 345.156000 634.347000
1.133340 347.608800 636.625500
1.149700 324.122400 640.752000
1.166080 352.296000 651.042000
1.182910 351.069600 649.677000
1.199300 365.920800 652.102500
1.215890 353.892000 641.151000
1.241830 351.153600 638.631000
1.248430 343.190400 636.216000
1.264860 344.887200 644.910000
1.281050 342.148800 642.453000
1.297860 334.152000 639.103500
1.314470 336.940800 623.049000
1.330970 339.208800 625.663500
1.352440 821.234400 608.937000
1.363440 1083.129600 550.095000
1.380050 1082.894400 551.638500
1.396420 1212.909600 563.913000
1.412710 1220.402400 553.339500
1.429300 1220.234400 553.696500
1.445790 1184.450400 573.468000
1.464220 1172.505600 542.083500
1.478540 1174.387200 536.833500
1.495040 1199.032800 622.188000
1.511420 1196.680800 559.545000
1.528260 1197.873600 556.678500
1.544260 1213.867200 535.773000
1.568170 1221.931200 530.008500
1.593370 1230.348000 532.812000
1.609860 1263.427200 529.651500
1.643070 1299.093600 519.939000
1.666150 1298.320800 520.411500
1.682690 1296.691200 523.477500
1.691980 1254.607200 164.020500
1.708360 1262.788800 128.341500
1.741400 1307.745600 143.461500
1.758080 1303.848000 123.511500
1.791110 1313.827200 135.670500
1.807350 1311.811200 127.816500
1.823360 1311.139200 129.738000
1.839870 1266.955200 130.452000
1.856370 1312.416000 132.699000
1.872900 1312.399200 132.804000
1.898450 1271.608800 142.537500
1.906240 1274.784000 129.097500
1.926610 1275.472800 126.399000
1.938620 1253.901600 131.502000
1.955170 1280.546400 114.901500
1.971590 1281.655200 110.607000
1.988090 1311.122400 122.262000
2.007710 1297.648800 130.830000
2.020890 1296.254400 135.786000
2.037510 940.951200 173.323500
2.053470 631.327200 209.590500
2.070230 630.772800 207.049500
2.086580 288.842400 250.960500
2.102910 301.694400 235.305000
2.119230 300.199200 233.499000
2.136010 289.833600 230.874000
2.151990 362.611200 231.787500
2.168500 364.694400 235.746000
2.185100 335.176800 244.083000
2.201410 314.848800 257.281500
2.225430 319.804800 265.608000
2.238280 339.998400 265.902000
2.250780 343.072800 362.901000
2.283540 332.169600 660.072000
2.306130 277.788000 762.237000
2.335950 313.084800 749.322000
2.349120 326.054400 744.691500
2.382180 282.760800 721.234500
2.398560 305.037600 730.485000
2.415060 307.708800 732.343500
2.431250 332.522400 766.384500
2.447850 279.652800 749.773500
2.464210 275.368800 746.686500
2.480600 261.424800 707.889000
2.497340 273.840000 696.885000
2.513980 272.059200 695.845500
2.530210 291.345600 685.513500
2.555610 301.392000 707.248500
2.563620 303.693600 708.907500
2.579380 284.373600 744.366000
2.595930 296.570400 718.798500
2.612340 303.273600 723.418500
2.628720 316.730400 718.116000
2.645210 308.128800 695.971500
2.662930 305.088000 693.609000
2.678010 300.300000 724.069500
2.694100 298.653600 726.831000
2.710480 295.596000 724.689000
2.726960 265.809600 672.756000
2.743690 279.132000 682.836000
2.760030 276.763200 680.998500
2.776470 310.934400 687.802500
2.792920 327.230400 715.900500
2.808910 326.995200 716.205000
2.825830 299.040000 754.981500
2.842240 324.492000 764.547000
2.858680 326.575200 765.817500
2.880810 314.260800 747.043500
2.891490 303.811200 735.451500
2.908010 304.164000 735.693000
2.924430 300.132000 690.459000
2.940610 317.486400 552.279000
2.957380 317.520000 552.321000
2.973750 318.511200 355.813500
2.990050 337.041600 367.657500
3.006550 334.723200 364.161000
3.022720 304.264800 365.515500
3.039100 298.132800 375.994500
3.055810 301.660800 381.276000
3.072220 331.245600 358.690500
3.094960 325.668000 364.864500
3.104970 325.634400 364.812000
3.121480 327.885600 392.259000
3.137990 286.876800 341.208000
3.154290 289.598400 343.969500
3.170530 283.248000 361.641000
3.188580 283.516800 347.004000
3.206410 279.333600 341.827500
3.220030 284.440800 346.479000
3.236400 286.473600 342.436500
3.252900 286.524000 342.489000
3.269270 289.228800 342.384000
3.285650 289.900800 339.811500
3.302140 292.756800 343.896000
3.326050 279.367200 347.917500
3.335010 286.087200 351.172500
3.367590 345.643200 354.270000
3.384320 512.668800 361.945500
3.400600 513.290400 363.856500
3.426790 1029.638400 298.620000
3.433300 1186.584000 272.496000
3.449790 1186.600800 272.433000
3.466240 1165.987200 269.934000
3.483090 1143.458400 278.995500
3.499400 1143.878400 277.042500
3.515660 1167.616800 285.453000
3.534650 1210.288800 267.319500
3.548520 1212.876000 257.449500
3.565220 1177.881600 254.593500
3.581190 1180.989600 248.314500
3.597900 1182.804000 240.187500
3.614270 1187.508000 229.362000
3.630650 1202.745600 233.593500
3.648000 1203.216000 231.283500
3.663530 1204.425600 230.863500
3.680030 1214.606400 237.216000
3.696350 1212.976800 243.295500
3.712880 1165.012800 242.392500
3.729100 1179.847200 297.034500
3.754430 1178.486400 303.072000
3.761910 1168.893600 308.416500
3.778210 1193.270400 314.853000
3.811090 1208.844000 330.687000
3.835380 1174.168800 303.334500
3.844450 1175.008800 299.764500
3.863670 1176.487200 299.775000
3.876810 1211.229600 300.972000
3.893180 1211.868000 298.557000
3.910190 1188.499200 316.732500
3.926570 1291.197600 467.386500
3.943070 1289.870400 470.179500
3.959450 1231.120800 627.532500
3.976230 1246.425600 631.648500
3.992300 1246.644000 631.270500
4.008290 1256.808000 614.859000
4.026990 1291.080000 615.352500
4.042500 1290.290400 616.812000
4.057840 1304.100000 597.219000
4.083860 1252.423200 645.613500
4.090410 1253.700000 643.513500
4.107190 1224.283200 621.526500
4.123510 1263.880800 614.439000
4.140050 1263.645600 614.817000
4.156540 1228.567200 646.579500
4.172940 1241.738400 645.099000
4.205820 1217.899200 652.659000
4.221970 1214.354400 652.879500
4.255000 1213.296000 642.663000
4.271390 1215.396000 635.481000
4.304660 1243.687200 638.704500
4.320790 1253.851200 632.772000
4.353340 1294.238400 644.437500
4.369830 1292.424000 657.646500
4.410290 1296.271200 643.377000
4.419080 1281.201600 655.284000
4.451970 1248.340800 701.515500
4.468220 1253.061600 677.565000
4.501550 1208.625600 690.868500
4.518660 1208.020800 689.776500
4.550450 1242.477600 629.716500
4.566960 1083.986400 579.957000
4.583660 1083.398400 582.372000
4.600160 634.586400 381.328500
4.616490 396.295200 300.583500
4.649240 250.857600 297.318000
4.665960 242.793600 311.923500
4.682130 245.431200 315.609000
4.698500 283.332000 314.790000
4.714950 283.802400 310.674000
4.747570 295.646400 337.543500
4.764080 285.852000 356.622000
4.796940 264.616800 324.933000
4.813620 297.360000 329.385000
4.829990 297.360000 329.385000
4.846170 327.482400 352.831500
4.862620 297.612000 347.529000
4.895500 339.410400 332.986500
4.912320 335.092800 338.866500
4.952920 312.110400 344.526000
4.962720 293.277600 336.577500
4.977760 290.808000 332.934000
4.994120 268.598400 320.365500
5.010800 292.723200 314.727000
5.043460 278.644800 311.944500
5.064660 310.060800 318.129000
5.092600 315.403200 313.435500
5.109210 281.013600 305.980500
5.142130 275.116800 302.767500
5.158500 278.880000 343.833000
5.174900 276.393600 340.273500
5.191370 290.236800 328.996500
5.207570 292.185600 343.560000
5.224080 294.638400 347.088000
5.240730 323.030400 366.817500
5.257100 305.709600 378.546000
5.283410 308.145600 381.958500
5.290110 326.659200 380.005500
5.306500 340.771200 289.201500
5.339200 369.852000 238.161000
5.355780 356.613600 237.100500
5.372310 354.446400 232.995000
5.392520 365.904000 232.848000
5.405110 369.835200 211.974000
5.437570 352.749600 222.421500
5.454080 358.932000 203.973000
5.470560 361.065600 208.204500
5.487310 365.500800 210.682500
5.503490 370.272000 215.313000
5.520160 372.405600 219.555000
5.536200 358.898400 234.927000
5.552560 353.203200 230.884500
5.585560 388.080000 237.121500
5.611430 360.595200 244.786500
5.634830 475.692000 230.412000
5.651470 665.834400 292.341000
5.667950 664.776000 288.498000
5.684410 1147.053600 403.588500
5.700800 1313.894400 508.672500
5.721900 1317.120000 502.761000
5.733480 1327.485600 503.800500
5.749700 1312.466400 495.180000
5.766200 1313.928000 492.439500
5.782940 1309.744800 518.458500
5.799430 1299.261600 522.543000
5.815820 1298.472000 523.834500
5.834910 1284.796800 510.216000
5.848610 1259.143200 516.474000
5.864980 1257.177600 520.873500
5.881190 1280.512800 535.594500
5.897740 1270.298400 537.904500
5.936260 1256.505600 618.555000
5.947110 1256.270400 636.205500
5.963480 1257.564000 634.053000
5.986850 1261.293600 640.206000
5.996530 1271.390400 642.642000
6.012750 1270.029600 644.773500
6.029260 1273.809600 655.431000
6.046880 1283.856000 659.998500
6.078320 1311.710400 648.175500
6.094690 1318.514400 634.021500
6.127890 1304.419200 619.111500
6.144110 1292.188800 639.261000
6.160420 1294.473600 635.754000
6.177100 1313.625600 538.450500
6.193490 1288.694400 321.730500
6.210300 1290.760800 315.672000
6.226310 1264.267200 231.262500
6.242760 1263.780000 239.232000
6.267750 1263.208800 241.006500
6.275630 1219.075200 228.753000
6.292120 1263.393600 232.480500
6.308650 1260.268800 243.022500
6.324810 1239.033600 242.392500
6.341380 1230.146400 241.878000
6.357540 1228.903200 246.529500
6.374000 1250.676000 251.538000
6.390620 1268.080800 234.255000
6.406940 1269.256800 230.307000
6.423320 1025.724000 374.388000
6.440030 693.571200 467.103000
6.456520 692.596800 464.152500
6.472860 339.477600 577.405500
6.491860 377.042400 574.150500
6.522220 342.636000 536.655000
6.538720 349.675200 540.655500
6.554850 350.784000 541.642500
6.571560 368.491200 518.070000
6.594150 373.060800 527.919000
6.604120 372.758400 527.551500
6.620490 379.058400 528.769500
6.637310 372.993600 542.146500
6.653680 371.683200 540.897000
6.669730 338.184000 347.392500
6.686410 366.290400 307.387500
6.703160 366.576000 307.891500
6.719400 352.161600 279.373500
6.735450 366.441600 275.656500
6.751950 366.727200 276.181500
6.768670 359.032800 258.541500
6.784860 367.936800 282.198000
6.809090 370.053600 286.041000
6.817790 365.820000 280.875000
6.834180 375.278400 289.569000
6.850240 377.395200 293.412000
6.866750 388.869600 284.298000
6.883080 397.068000 335.023500
6.915980 368.726400 327.432000
6.932200 379.411200 327.348000
6.948690 377.277600 323.631000
6.965070 345.895200 311.944500
6.982290 363.098400 321.142500
7.015040 416.572800 191.289000
7.031140 362.644800 194.418000
7.047600 363.686400 195.804000
7.064090 414.657600 202.513500
7.080480 405.871200 190.911000
7.096990 406.492800 193.147500
