0.000000 104.642151 20.223631
0.016370 82.520425 15.632051
0.034530 43.862303 7.777549
0.049330 1.516545 -1.496986
0.065250 -22.740149 -7.063245
0.081800 -0.469669 -2.773499
0.098180 -0.628836 -4.092041
0.114590 -1.027956 -3.656682
0.131330 -1.255688 -3.499911
0.147690 -2.134270 -4.594851
0.163850 -2.171936 0.577336
0.180280 -0.687078 7.021817
0.197130 -0.140784 14.566599
0.213490 0.223363 20.671419
0.230190 -0.064407 21.794575
0.248500 -1.942426 17.494319
0.262760 -3.214332 13.001194
0.279210 1.086584 7.110265
0.295410 3.692927 3.673192
0.312130 -10.484054 5.051795
0.328490 -28.937365 2.189478
0.345000 -48.224426 4.263695
0.364320 -58.989315 5.223770
0.377750 -57.653313 5.733498
0.394060 -44.105321 6.300218
0.410630 -21.748130 6.398173
0.427320 -1.617975 4.666132
0.443440 4.629067 2.179659
0.469270 1.062790 0.640887
0.476330 3.169502 -1.370493
0.509060 1.461108 -0.829208
0.525800 2.436047 -3.010703
0.542050 1.908922 -3.165289
0.558670 -0.175513 -1.769881
0.579130 -8.895162 5.523890
0.591510 -11.759437 -2.692307
0.607890 7.404464 -3.676307
0.624420 31.553848 -3.502346
0.657270 52.866400 -2.455418
0.673430 63.819312 0.377488
1.002140 60.178733 3.211088
1.018370 41.260753 7.584205
1.051120 16.539206 9.208110
1.067920 -3.739703 6.758731
1.084380 -5.697652 -2.025091
1.100590 0.193215 2.726873
1.124270 -0.299699 -1.684124
1.135450 2.264622 -1.886821
1.149690 0.148965 -2.333029
1.166120 7.460436 -2.329666
1.182570 -7.071466 -0.671251
1.199420 -30.609034 0.027079
1.215760 -51.559740 0.541759
1.233380 -62.797378 -0.745088
1.248230 -60.350724 -1.896174
1.264720 -44.346625 -0.919936
1.281360 -22.799463 0.287690
1.297740 -1.830525 -0.329564
1.314240 12.901341 0.403121
1.330610 2.016642 0.236494
1.347720 0.543660 -0.757656
1.363170 0.154021 -1.626853
1.379750 -0.440590 -1.837000
1.396350 0.813421 -0.529249
1.412670 2.572438 0.666157
1.429310 1.607250 -0.108864
1.451280 3.103012 1.469544
1.461930 3.729448 2.197256
1.478300 0.850390 2.040076
1.494570 -1.404569 3.118991
1.511180 -4.558657 0.661651
1.548340 -5.609289 0.072298
1.561780 -5.336128 0.678287
1.577260 -2.971926 0.779281
1.593340 0.114285 0.652469
1.609660 5.220169 1.802946
1.626540 7.034286 1.547563
1.642730 4.425988 0.845074
1.667370 0.543681 6.088262
1.677000 -1.628908 -1.129937
1.691970 -2.130091 -11.821039
1.708160 -1.754664 -24.371967
1.725010 0.784522 -33.170455
1.741530 0.936086 -34.457573
1.757690 -1.043087 -28.220011
1.779820 -1.535214 -16.819968
1.790440 -2.806793 -3.143337
1.806980 -2.411643 6.707902
1.823300 -1.077591 2.393858
1.839570 0.049001 1.286259
1.856320 -2.923035 -1.219295
1.872920 -3.570049 0.439984
1.889690 9.847468 0.973049
1.905700 24.086190 1.584208
1.921950 44.033293 -0.410085
1.938320 54.975577 -0.392673
1.954850 55.806969 0.059633
1.971650 44.420483 -2.141037
1.996900 26.295608 -3.827884
2.004430 6.640340 -2.763769
2.020770 -0.530104 -0.680981
2.037050 -0.687414 -2.280822
2.053420 -3.526635 -2.322182
2.070040 1.337625 -1.432808
2.086300 0.540278 1.390725
2.108750 5.621113 -0.961972
2.119060 0.507851 0.296289
2.135440 -11.809109 7.007880
2.152130 -24.313650 12.710189
2.168320 -32.515141 16.664584
2.188960 -34.881452 18.903811
2.201540 -30.231921 17.706241
2.217620 -18.087108 9.952678
2.234380 -3.974553 1.378704
2.250410 5.713959 -2.948083
2.266920 3.257339 -1.207110
2.283460 2.558529 0.545926
2.300020 0.170639 -0.629091
2.327470 -1.321305 -0.420879
2.332490 -1.083921 -0.608832
2.348920 -0.337273 -1.315547
2.382260 1.736695 -2.455263
2.398650 2.693178 0.102913
2.414720 2.544931 0.747127
2.433360 2.151189 0.487487
2.447530 0.478821 -0.036417
2.464080 -1.595717 -0.247978
2.480770 0.275123 0.673739
2.497280 2.332138 0.240712
2.513660 0.807231 -0.753828
2.530000 0.008914 -1.294689
2.547100 -1.064995 -2.283990
2.562670 -1.870454 -2.616146
2.579030 -0.234021 0.104209
2.595410 0.477849 2.646898
2.612090 -0.323282 4.602540
2.628420 0.998724 2.676981
2.658130 0.181398 0.157083
2.677520 -3.202673 -3.515634
2.694030 -1.635944 -3.760780
2.726970 -0.804449 -3.919244
2.743470 -0.183061 -2.981866
2.763240 0.550835 -0.663205
2.776470 0.436536 0.230642
2.792510 1.597656 -0.109506
2.809160 2.031953 0.684112
2.825780 0.851082 2.526555
2.842160 1.043205 5.460385
2.858630 0.825780 6.756286
2.874800 -0.835804 3.516860
2.891490 -1.811497 0.615395
2.907410 0.093315 -0.783505
2.925170 1.112047 -2.007544
2.942690 1.891082 -1.391976
2.957150 -0.008142 1.111185
2.981510 -1.261509 0.588223
2.989940 -3.235643 -1.809443
3.006500 -4.699488 -4.571168
3.022810 -4.158069 -4.586703
3.039400 -3.111528 -2.590878
3.057540 -1.197099 -1.802278
3.072140 1.801332 1.227502
3.091130 7.405400 4.609844
3.104810 2.220819 3.701988
3.121150 -1.928134 3.292211
3.137530 -14.526963 -2.391576
3.170530 -27.086331 -9.499815
3.186830 -35.038865 -15.663353
3.203410 -34.399646 -18.552928
3.220050 -25.303021 -17.969909
3.236100 -11.401913 -11.398325
3.252660 -0.832540 -5.262877
3.269390 1.974856 -0.227430
3.291290 4.295740 3.421923
3.312710 0.093009 0.794236
3.318280 0.389405 1.927938
3.334660 0.516941 3.635293
3.351350 1.209860 4.274967
3.367740 1.005714 2.089676
3.384220 -0.024477 -1.824434
3.400590 -0.570769 -3.274324
3.416730 -1.626635 -3.974584
3.433300 -2.133891 -4.124999
3.449660 -1.933554 -5.103753
3.466190 0.344512 2.838572
3.482890 4.271493 11.204837
3.499400 7.634869 18.919732
3.515440 8.420674 22.681284
3.532960 8.386301 21.883628
3.548310 6.462580 17.995542
3.564700 2.556892 8.755361
3.581670 -1.977979 1.074131
3.614360 -9.405210 -2.837219
3.641330 -0.809347 -1.929440
3.646910 10.767555 -4.140142
3.668290 20.956509 -5.877053
3.679840 26.035764 -7.766873
3.712890 25.586415 -8.115884
3.729400 17.781100 -6.547695
3.761960 7.311393 -2.634456
3.778270 -2.020571 2.124279
3.811140 -4.304064 3.882614
3.827510 4.161164 4.733485
3.861560 3.908479 4.706041
3.876940 2.228373 3.162211
3.893310 0.658941 2.270464
3.909610 0.252826 0.750993
3.926320 -1.195669 -1.109090
3.942690 -0.790290 -2.650327
3.968430 0.080186 -5.194609
3.975430 -0.481497 -5.950664
4.008440 -0.479504 -4.482891
4.024810 0.878927 -2.792943
4.041310 2.692617 0.304259
4.057680 4.111543 2.955497
4.073870 5.024472 3.799536
4.107010 3.491678 5.164359
4.123500 1.213587 3.653008
4.139980 -0.683476 2.446366
4.156420 -2.244858 1.436889
4.179570 -2.087387 -0.754578
4.205610 -2.118549 -3.585232
4.222000 -1.868890 -3.437223
4.254870 -0.972663 -3.379193
4.271160 -0.094656 -3.135715
4.295580 -0.389830 -0.395120
4.304030 0.736290 -0.758114
4.320390 1.775713 2.087921
4.336760 1.384399 2.096226
4.353450 -0.116075 2.261745
4.369670 -0.463324 2.056709
4.402500 0.444730 1.212709
4.419110 0.713887 -0.344166
4.451770 0.340207 -0.854031
4.468340 -1.100991 -0.143763
4.485020 -0.361591 -0.287954
4.510360 -0.195539 1.157733
4.517360 0.344811 1.743392
4.533920 -0.135166 2.382239
4.550350 -3.735195 4.413474
4.566800 3.880799 -0.788543
4.583480 16.047701 -7.919206
4.599870 27.856035 -15.283751
4.621430 34.210437 -19.750350
4.648880 34.089742 -20.411027
4.665330 24.012177 -16.880214
4.681760 11.307734 -10.033538
4.698270 -1.155219 -3.084380
4.714810 -6.368462 1.653123
4.731280 -0.690590 -0.584239
4.747510 -0.184189 0.640016
4.763890 -0.409990 0.852057
4.780400 -1.195521 0.952969
4.796550 -1.743851 0.518356
4.813430 -2.416322 -0.879629
4.840210 1.648378 -13.030531
4.848280 -0.454938 -0.063631
4.862500 0.625409 33.485223
4.879070 -9.182065 45.672270
4.895580 -18.511522 39.519159
4.911960 -24.970625 20.127743
4.928450 -27.715743 -5.117434
5.191130 -26.153378 -25.932786
5.207380 -19.119340 -33.429644
5.240750 -9.277575 -24.515497
5.256900 -3.721655 9.262594
5.289810 1.830188 19.300695
5.306200 -1.014300 4.924637
5.339220 2.348830 -0.764172
5.355730 2.603187 -3.627176
5.388380 1.706603 -2.744135
5.404450 0.293049 1.661766
5.437670 -1.332716 3.690976
5.453840 -3.609342 2.938584
5.470430 -2.975388 3.800431
5.491380 -2.763630 1.834110
5.503420 -0.239048 1.054615
5.519790 1.335539 0.193810
5.536300 3.382695 -0.275417
5.552780 3.826434 -0.279705
5.585570 2.197384 -0.055173
5.607320 -0.000129 0.865083
5.634510 -1.273275 1.117406
5.650880 -0.621632 -0.398904
5.667850 2.337007 -0.895221
5.684250 -0.786581 1.987784
5.700650 -5.757830 4.651945
5.716570 -14.230988 8.243866
5.733080 -23.061071 10.978048
5.749650 -27.111957 11.401693
5.766010 -25.314657 9.556985
5.782640 -17.521126 4.263213
5.799260 -7.677686 0.380552
5.818220 1.573071 0.173044
5.831920 3.059848 -0.788187
5.848420 6.133513 -3.125966
5.864790 3.011730 -3.879735
5.881300 1.989893 -2.695167
5.897800 1.512636 -2.583833
5.914170 0.501743 0.453958
5.932480 -1.797680 5.029599
5.946880 -4.566962 8.795655
5.963260 -4.396453 10.605009
5.979690 -5.414873 9.544719
5.996190 -5.770036 7.900984
6.012890 -5.060069 3.455127
6.039690 -2.862914 0.955108
6.045210 -1.315785 -1.620541
6.061710 -0.231575 -0.347276
6.078280 1.773072 1.010005
6.094670 3.237299 0.704318
6.127690 3.670958 0.652327
6.148710 -3.926185 -5.099950
6.160570 6.277607 -1.324756
6.176760 7.542469 8.999072
6.193250 5.207580 16.918538
6.209980 1.176696 18.759406
6.226390 -2.413246 15.869052
6.965530 -5.512480 7.462538
6.981900 -0.213519 10.816907
6.998640 -6.341929 -11.480339
7.023680 -14.557484 -39.121917
7.031110 -17.004513 -53.944438
7.047390 -32.491471 -64.264672
