0.000000 1063.776000 429.324000
0.014670 1023.556800 460.792500
0.031120 1025.119200 452.077500
0.047480 1031.637600 476.395500
0.063860 983.942400 419.013000
0.080200 983.035200 421.144500
0.096580 1012.872000 435.298500
0.113070 975.256800 420.262500
0.129440 975.777600 422.331000
0.146160 1011.931200 420.252000
0.162910 1016.769600 467.218500
0.179090 1014.031200 475.986000
0.195460 1028.109600 473.949000
0.211770 1019.877600 490.812000
0.228340 1019.474400 496.198500
0.244720 1048.908000 430.804500
0.261220 1016.299200 523.477500
0.277880 1015.560000 527.436000
0.294310 1021.759200 527.320500
0.320200 1023.002400 449.137500
0.327390 1023.674400 445.368000
0.343310 999.482400 459.868500
0.359890 1042.255200 452.907000
0.376190 1043.078400 448.812000
0.392560 1092.084000 440.013000
0.409060 1030.108800 448.234500
0.442010 794.707200 475.860000
0.458310 690.177600 492.450000
0.475030 689.236800 487.935000
0.491530 659.534400 416.010000
0.507910 598.936800 350.952000
0.541430 590.385600 406.087500
0.557080 571.636800 401.100000
0.573300 571.166400 398.832000
0.589670 571.704000 387.271500
0.606550 581.649600 396.396000
0.622700 581.817600 396.942000
0.648500 562.665600 414.550500
0.656330 586.000800 334.267500
0.671950 583.884000 326.676000
0.688650 523.639200 250.876500
0.704840 525.722400 203.374500
0.721530 528.578400 213.769500
0.737700 530.325600 245.259000
0.762080 515.407200 268.516500
0.770410 516.465600 270.889500
0.786790 516.112800 299.008500
0.803280 551.191200 256.441500
0.819660 549.780000 251.149500
0.836340 500.018400 251.590500
0.852830 512.702400 269.146500
0.869170 510.216000 262.122000
0.885700 555.139200 209.664000
0.901790 553.408800 239.935500
0.918570 553.627200 239.032500
0.934660 534.576000 248.650500
0.951500 541.027200 272.454000
0.978670 541.497600 275.488500
0.984000 581.263200 302.704500
1.000440 609.638400 268.285500
1.016730 608.882400 266.017500
1.033310 564.345600 270.448500
1.049690 628.303200 282.051000
1.066190 630.151200 290.314500
1.090300 562.497600 341.113500
1.099200 594.300000 274.218000
1.115420 594.787200 276.927000
1.131790 581.616000 288.813000
1.148290 552.602400 323.295000
1.181170 607.857600 294.798000
1.197670 589.243200 313.194000
1.214220 590.049600 315.661500
1.230420 565.320000 611.530500
1.247070 579.818400 671.244000
1.263530 576.828000 664.797000
1.279990 588.739200 686.406000
1.303500 561.842400 693.493500
1.312660 559.288800 688.926000
1.329220 570.494400 685.692000
1.345600 581.464800 675.927000
1.361970 582.254400 677.428500
1.378470 552.921600 673.501500
1.394640 572.997600 674.142000
1.415400 575.047200 678.751500
1.427730 538.322400 741.153000
1.443920 541.951200 682.048500
1.460410 543.715200 685.335000
1.476960 500.320800 790.356000
1.493460 528.830400 747.358500
1.509950 529.855200 748.713000
1.528230 524.496000 822.297000
1.542490 531.703200 754.120500
1.558940 528.175200 748.639500
1.575530 538.960800 772.957500
1.591930 512.064000 765.240000
1.608640 511.089600 763.959000
1.630990 508.418400 746.392500
1.641280 509.073600 770.689500
1.657730 508.872000 770.395500
1.674090 585.362400 656.712000
1.690600 589.831200 554.379000
1.706980 592.216800 560.007000
1.723470 625.531200 349.912500
1.743140 579.516000 245.217000
1.756340 578.256000 240.019500
1.772540 598.483200 271.614000
1.788910 596.232000 279.667500
1.805770 596.383200 280.266000
1.822120 571.687200 306.169500
1.838550 616.644000 308.070000
1.854640 617.047200 310.716000
1.871410 606.664800 381.213000
1.887630 628.387200 291.102000
1.904090 629.445600 296.131500
1.920590 621.583200 316.071000
1.936960 635.829600 342.562500
1.957510 636.871200 347.392500
1.969840 599.961600 342.405000
1.986340 627.480000 309.960000
2.002720 627.127200 307.408500
2.018880 989.402400 304.048500
2.035470 1247.853600 285.411000
2.051960 1246.996800 287.553000
2.069770 1423.396800 297.024000
2.084840 1428.672000 291.711000
2.101350 1435.240800 278.575500
2.117720 1439.844000 258.951000
2.134090 1431.040800 237.762000
2.150650 1429.797600 240.670500
2.188920 1408.915200 268.537500
2.199530 1413.938400 257.376000
2.216190 1409.872800 267.970500
2.232570 1432.384800 278.187000
2.249210 1426.219200 290.545500
2.265530 1418.020800 263.056500
2.289360 1423.077600 276.360000
2.314680 1422.422400 246.876000
2.331520 1433.527200 277.305000
2.347890 1435.442400 273.462000
2.364090 1444.867200 319.893000
2.380590 1516.267200 490.108500
2.413460 1503.364800 669.900000
2.429530 1499.820000 711.091500
2.462780 1510.303200 697.074000
2.479030 1472.704800 698.460000
2.504610 1469.748000 701.820000
2.511750 1493.738400 739.525500
2.528250 1468.790400 739.483500
2.544790 1466.236800 741.804000
2.561340 1468.118400 706.387500
2.577710 1446.278400 686.826000
2.594080 1447.824000 685.020000
2.612340 1499.551200 685.261500
2.626960 1506.103200 697.032000
2.643280 1510.588800 693.000000
2.659660 1519.728000 683.319000
2.676480 1486.984800 713.275500
2.692850 1485.388800 714.850500
2.708940 1467.681600 722.767500
2.728670 1447.034400 776.496000
2.741950 1445.455200 778.039500
2.758280 1129.447200 753.049500
2.775150 865.989600 798.483000
2.807800 547.999200 744.261000
2.832610 548.116800 734.958000
2.840530 547.159200 733.792500
2.856910 556.416000 726.379500
2.873600 541.480800 717.507000
2.890010 543.043200 720.205500
2.912440 507.746400 761.806500
2.922880 500.505600 753.711000
2.941480 503.664000 757.795500
2.955570 463.629600 771.571500
2.971770 508.653600 804.678000
2.988270 506.856000 802.357500
3.004970 463.780800 776.727000
3.021190 469.912800 778.039500
3.037700 467.947200 775.624500
3.053870 487.032000 768.831000
3.070270 519.523200 726.684000
3.103450 546.756000 717.549000
3.119790 552.820800 732.385500
3.136120 551.712000 730.884000
3.157460 438.715200 766.437000
3.168890 396.765600 738.937500
3.185390 398.025600 740.176500
3.202130 420.117600 766.584000
3.218610 423.024000 742.339500
3.251350 415.951200 745.395000
3.267440 400.260000 708.960000
3.283930 401.469600 710.766000
3.300380 384.955200 749.689500
3.316630 354.362400 747.694500
3.333610 352.968000 746.014500
3.349970 368.541600 692.559000
3.366060 341.174400 729.739500
3.382490 342.232800 731.115000
3.398850 303.576000 754.624500
3.415400 314.059200 767.686500
3.431810 315.537600 768.705000
3.448600 307.675200 764.022000
3.464770 326.004000 793.348500
3.483820 332.908800 799.459500
3.497360 316.512000 809.875500
3.513730 341.796000 789.610500
3.535930 337.545600 785.547000
3.547100 396.900000 791.217000
3.563280 259.644000 767.319000
3.579670 258.216000 766.164000
3.596720 265.154400 780.391500
3.612850 251.647200 776.475000
3.628900 247.396800 772.968000
3.645390 269.488800 813.340500
3.662120 305.928000 833.332500
3.678600 309.052800 835.695000
3.694860 282.206400 808.699500
3.711140 256.300800 795.742500
3.727700 254.536800 794.629500
3.744220 231.420000 746.025000
3.760570 235.032000 787.374000
3.776880 238.173600 789.726000
3.793580 396.849600 601.188000
3.815100 402.796800 450.597000
3.826260 404.997600 454.776000
3.842510 489.837600 342.657000
3.858890 468.249600 315.336000
3.875730 466.200000 309.771000
3.891810 432.432000 266.143500
3.908300 432.331200 258.657000
3.941050 406.576800 323.074500
3.957560 423.864000 346.185000
3.973930 423.864000 346.185000
3.990750 416.253600 342.552000
4.007050 383.829600 311.577000
4.033600 381.964800 306.022500
4.041730 357.991200 343.213500
4.056030 340.116000 316.144500
4.072540 337.142400 311.283000
4.088900 323.248800 311.482500
4.105400 306.129600 316.722000
4.121770 308.481600 321.174000
4.138830 385.778400 379.155000
4.154850 381.141600 355.845000
4.171020 390.667200 375.553500
4.187530 379.646400 398.128500
4.203900 381.326400 357.378000
4.220390 378.705600 351.918000
4.236780 349.792800 347.340000
4.253230 367.130400 325.689000
4.286370 391.658400 326.623500
4.302960 429.189600 341.733000
4.318900 426.518400 334.698000
4.335430 391.036800 341.911500
4.367210 386.954400 383.974500
4.371150 387.223200 384.520500
4.384640 392.414400 335.454000
4.401010 398.798400 342.552000
4.417320 394.632000 333.396000
4.433890 328.826400 687.687000
4.450390 322.240800 740.029500
4.483310 340.015200 848.872500
4.499640 330.708000 858.217500
4.515890 331.884000 859.141500
4.532870 304.869600 877.726500
4.549000 333.967200 844.998000
4.565570 336.638400 847.066500
4.587380 315.016800 833.941500
4.598320 322.828800 837.049500
4.614890 325.600800 839.181000
4.631240 364.879200 824.817000
4.647800 331.027200 800.026500
4.672360 333.631200 802.273500
4.686820 331.296000 818.044500
4.696810 366.727200 795.469500
4.713180 362.762400 791.479500
4.729780 410.676000 793.212000
4.746340 355.689600 776.632500
4.762670 354.127200 775.477500
4.779210 327.734400 771.067500
4.797590 453.835200 751.327500
4.812090 448.828800 744.660000
4.828140 891.273600 542.881500
4.844630 1040.642400 311.304000
4.861330 1039.214400 319.147500
4.877680 1197.688800 316.869000
4.894190 1208.928000 316.333500
4.910500 1208.440800 318.496500
4.927010 1191.674400 273.357000
4.943410 1185.727200 302.326500
4.959630 1182.988800 310.453500
4.978290 1220.788800 320.796000
4.992870 1235.404800 358.659000
5.021460 1238.445600 350.773500
5.026650 1217.042400 358.753500
5.041750 1234.984800 340.074000
5.064420 1237.521600 332.472000
5.074980 1233.439200 281.715000
5.091360 1252.977600 280.980000
5.107860 1253.985600 278.565000
5.125700 1301.059200 322.906500
5.140700 1268.349600 332.797500
5.156760 1264.250400 342.625500
5.173130 1203.199200 359.971500
5.189630 1231.977600 346.815000
5.206000 1232.296800 346.594500
5.222830 1277.119200 271.131000
5.239390 1248.861600 275.310000
5.255530 1247.097600 280.266000
5.271880 1283.671200 419.181000
5.288430 1265.124000 559.986000
5.304740 1266.081600 558.253500
5.321170 1205.517600 768.274500
5.343970 1203.132000 786.597000
5.354030 1201.401600 789.096000
5.370380 1272.465600 794.503500
5.386760 1235.455200 804.247500
5.403130 1241.755200 796.288500
5.419630 1267.072800 774.795000
5.436250 1251.583200 738.769500
5.452450 1252.675200 737.362500
5.468890 1299.345600 727.965000
5.485380 1292.810400 732.564000
5.501760 1292.558400 732.889500
5.518480 1278.681600 773.503500
5.534880 1259.580000 764.673000
5.551080 1256.757600 768.358500
5.570510 1248.156000 739.042500
5.584010 1217.983200 755.149500
5.600550 1217.059200 756.504000
5.616720 1276.430400 819.021000
5.633330 1346.436000 782.302500
5.649800 1345.411200 783.520500
5.669440 1306.788000 806.232000
5.682490 1307.712000 806.211000
5.698920 1306.435200 807.471000
5.715420 1292.524800 800.404500
5.732110 1277.102400 794.430000
5.764670 1273.507200 836.734500
5.780960 1286.292000 856.086000
5.797510 1284.124800 858.196500
5.813890 1292.524800 873.180000
5.830390 1293.868800 847.287000
5.847080 1295.212800 846.069000
5.863360 1304.284800 858.585000
5.897220 1325.973600 853.198500
5.902510 1329.535200 849.880500
5.912790 1179.393600 803.985000
5.928990 1218.772800 787.773000
5.945530 1220.738400 785.053500
5.962030 1238.311200 822.769500
5.978160 1032.057600 794.010000
6.005260 1031.234400 796.362000
6.011110 568.260000 757.869000
6.027500 365.198400 785.463000
6.043870 366.945600 786.996000
6.060360 322.005600 837.112500
6.076910 317.352000 837.459000
6.093480 318.931200 838.761000
6.110950 332.690400 808.836000
6.126380 367.180800 813.424500
6.142680 368.524800 814.306500
6.159050 385.123200 806.305500
6.176540 374.925600 836.325000
6.217710 397.236000 837.228000
6.224410 384.501600 798.808500
6.241040 382.065600 796.467000
6.257850 349.692000 835.537500
6.274180 348.734400 796.257000
6.290600 343.442400 791.479500
6.306860 347.575200 785.652000
6.327470 307.087200 797.475000
6.355990 305.776800 839.884500
6.372490 262.634400 802.567500
6.388870 260.568000 801.097500
6.405250 253.881600 815.251500
6.422100 256.636800 788.109000
6.438280 262.903200 792.928500
6.454630 261.441600 849.670500
6.471010 282.290400 830.770500
6.487700 283.936800 831.841500
6.504120 347.004000 839.076000
6.520420 327.818400 842.488500
6.545200 329.364000 843.696000
6.555250 305.256000 832.849500
6.569480 420.873600 771.414000
6.585860 417.412800 767.424000
6.602850 534.710400 666.445500
6.618900 522.144000 518.395500
6.635390 522.732000 520.348500
6.654190 444.040800 292.677000
6.668440 454.944000 334.540500
6.684620 456.691200 339.024000
6.700980 466.183200 320.764500
6.717480 464.032800 327.768000
6.733860 467.241600 335.685000
6.750410 466.519200 342.499500
6.766860 463.915200 347.182500
6.783130 459.933600 336.997500
6.799750 423.679200 331.873500
6.816310 396.295200 304.794000
6.833390 392.229600 295.428000
6.849200 361.351200 272.758500
6.875630 364.173600 292.593000
6.886770 364.996800 294.997500
6.897920 383.376000 305.256000
6.914600 413.767200 284.581500
6.930860 419.949600 299.733000
6.947360 449.299200 317.436000
6.964190 436.279200 360.381000
6.982190 439.034400 367.258500
6.996780 411.482400 372.928500
7.013150 446.191200 386.190000
7.029650 448.442400 390.054000
7.046310 389.608800 358.207500
