0.000000 1010.251200 434.280000
0.016550 1009.192800 472.794000
0.032780 1010.318400 470.095500
0.049030 1053.360000 376.551000
0.065490 1036.240800 421.228500
0.081860 1037.736000 413.122500
0.098230 1032.192000 409.773000
0.114600 1060.903200 396.742500
0.131100 1062.784800 387.481500
0.147690 1041.180000 401.352000
0.164320 1063.003200 369.348000
0.180570 1059.861600 378.861000
0.196960 1058.920800 408.660000
0.214160 1038.777600 357.777000
0.230290 1038.307200 364.318500
0.246660 1061.071200 384.804000
0.269160 1044.052800 371.983500
0.279220 1042.238400 381.885000
0.295910 1033.956000 446.680500
0.312090 1044.607200 404.281500
0.328660 1044.355200 402.265500
0.344970 1038.122400 379.018500
0.361350 1037.299200 421.375500
0.377790 1038.676800 420.924000
0.394220 1012.418400 426.825000
0.410710 1064.061600 426.268500
0.427090 1063.944000 424.168500
0.443460 877.783200 515.571000
0.460320 836.035200 495.516000
0.476580 835.934400 492.082500
0.494480 899.522400 509.103000
0.509390 887.443200 451.563000
0.525890 887.308800 455.826000
0.542200 864.309600 466.053000
0.558620 903.184800 530.638500
0.575320 903.403200 528.759000
0.597030 877.850400 568.711500
0.607850 827.215200 527.803500
0.624220 826.896000 525.703500
0.640780 840.957600 472.353000
0.657080 870.021600 505.480500
0.673470 870.240000 503.422500
0.690160 839.462400 491.064000
0.706280 855.002400 515.476500
0.739210 821.721600 495.201000
0.755590 844.855200 475.524000
0.772080 844.603200 473.392500
0.788470 832.927200 500.598000
0.814780 895.473600 482.706000
0.822000 895.490400 482.223000
0.837830 982.816800 452.655000
0.854010 939.136800 441.441000
0.870700 938.767200 445.704000
0.887400 960.691200 436.086000
0.903810 992.863200 402.213000
0.936330 967.008000 493.353000
0.952840 968.234400 499.758000
0.969220 968.049600 502.341000
0.985590 986.512800 492.670500
1.002280 992.812800 517.608000
1.018660 993.652800 511.182000
1.034890 1021.692000 450.733500
1.051340 1005.664800 453.484500
1.067830 1006.420800 448.801500
1.084200 1001.649600 405.909000
1.101350 990.427200 441.063000
1.117360 989.822400 445.242000
1.142780 991.771200 432.631500
1.151220 1000.272000 384.037500
1.166490 999.549600 389.161500
1.183100 1061.743200 403.053000
1.199360 1071.806400 389.896500
1.215740 1071.403200 392.794500
1.234320 1096.586400 341.659500
1.252030 1076.695200 345.114000
1.264950 1077.064800 342.709500
1.281320 1091.781600 289.968000
1.297820 1063.171200 295.701000
1.314190 1061.676000 302.725500
1.330930 1088.220000 315.021000
1.347390 1144.012800 354.648000
1.364430 1143.676800 356.149500
1.380300 1127.280000 356.832000
1.396320 1083.616800 363.573000
1.429200 1090.084800 351.676500
1.445730 1096.502400 337.102500
1.470650 1099.140000 325.636500
1.479610 1016.030400 358.848000
1.495060 914.440800 390.957000
1.511680 914.407200 391.503000
1.528170 872.424000 401.541000
1.544460 901.756800 340.662000
1.560930 902.160000 330.529500
1.581400 919.514400 329.238000
1.593490 933.777600 315.787500
1.609990 934.147200 310.443000
1.628570 892.634400 358.396500
1.643080 863.100000 356.191500
1.675930 910.677600 348.831000
1.692180 923.126400 343.161000
1.708640 922.471200 350.532000
1.724950 879.967200 319.284000
1.741430 843.998400 403.861500
1.758180 844.317600 411.085500
1.774220 901.807200 341.523000
1.798690 900.093600 334.761000
1.807160 899.740800 337.186500
1.823620 879.715200 343.623000
1.840120 891.156000 404.113500
1.856490 891.441600 401.929500
1.872790 956.104800 327.988500
1.889370 960.204000 342.531000
1.922440 918.472800 347.518500
1.938440 876.842400 342.457500
1.954940 876.540000 344.610000
1.971680 919.564800 331.873500
1.988140 893.205600 338.320500
2.004510 893.356800 340.809000
2.022800 938.313600 375.648000
2.036870 940.027200 333.301500
2.053430 940.447200 327.789000
2.070060 1070.546400 265.471500
2.086460 1101.559200 231.105000
2.103050 1103.642400 220.699500
2.125640 1107.523200 290.493000
2.136190 1093.008000 272.401500
2.152230 1094.167200 266.742000
2.168790 1105.238400 302.473500
2.185270 1040.944800 297.003000
2.201660 1039.416000 304.804500
2.218040 1072.848000 298.294500
2.234890 1098.014400 281.757000
2.250860 1097.728800 284.329500
2.266930 1175.277600 238.056000
2.283300 1248.979200 186.133500
2.316170 1350.484800 162.372000
2.332950 1271.592000 159.285000
2.349150 1272.432000 156.345000
2.365920 1291.164000 122.671500
2.384280 1296.002400 139.860000
2.398610 1296.237600 139.156500
2.415120 1314.751200 119.080500
2.431500 1328.107200 152.680500
2.452030 1324.814400 162.235500
2.464360 1325.721600 183.571500
2.480730 1276.228800 176.778000
2.497240 1277.035200 173.859000
2.513400 884.301600 290.671500
2.530110 748.255200 317.163000
2.546490 748.826400 322.612500
2.565050 509.880000 183.907500
2.579370 525.688800 171.706500
2.595740 525.504000 171.024000
2.612250 498.271200 187.288500
2.628600 523.454400 159.621000
2.645150 522.866400 156.513000
2.661430 527.352000 176.274000
2.677640 503.428800 131.638500
2.694150 500.808000 122.440500
2.710710 553.140000 121.779000
2.727210 525.957600 167.580000
2.745720 527.032800 170.919000
2.760050 511.022400 140.584500
2.781950 521.522400 151.567500
2.792670 522.144000 154.644000
2.809170 531.955200 140.658000
2.825720 504.016800 172.284000
2.842370 505.176000 175.570500
2.858600 532.879200 204.403500
2.875020 532.694400 187.845000
2.892000 533.349600 190.774500
2.908090 531.115200 212.362500
2.924170 588.218400 208.488000
2.940540 588.840000 210.808500
2.957440 961.732800 281.809500
2.973940 1157.637600 263.844000
2.999260 1156.915200 266.364000
3.006140 1309.543200 245.532000
3.022680 1326.343200 242.224500
3.039200 1327.519200 239.620500
3.055570 1342.084800 268.894500
3.072220 1317.540000 260.841000
3.088710 1318.245600 258.457500
3.108500 1326.393600 244.608000
3.121550 1327.720800 274.428000
3.137680 1326.864000 276.706500
3.154180 1351.828800 238.812000
3.170550 1335.028800 252.871500
3.187050 1333.836000 255.685500
3.203430 1282.478400 285.526500
3.223560 1281.520800 286.944000
3.236600 1279.656000 291.963000
3.252670 1299.026400 282.775500
3.269550 1317.136800 295.764000
3.285840 1314.952800 301.087500
3.302500 1340.068800 276.244500
3.326880 1308.804000 251.884500
3.351310 1264.821600 307.083000
3.367690 1290.895200 327.915000
3.384120 1292.860800 322.990500
3.400560 952.140000 89.953500
3.696150 541.531200 302.505000
3.712670 503.126400 251.097000
3.729450 502.555200 248.272500
3.745710 549.410400 261.702000
3.763630 535.096800 257.827500
3.778580 532.576800 249.469500
3.794790 494.306400 248.514000
3.811290 498.657600 245.805000
3.844530 516.700800 250.456500
3.860670 515.071200 255.076500
3.877080 514.886400 254.457000
3.893380 518.800800 251.947500
3.909920 535.029600 255.297000
3.926300 538.053600 265.996500
3.942710 518.280000 320.796000
3.959290 531.132000 447.499500
3.984560 530.493600 445.273500
3.992250 476.128800 660.124500
4.008440 522.412800 666.477000
4.024910 520.716000 663.400500
4.041460 502.084800 668.073000
4.057950 507.948000 652.543500
4.074340 506.234400 649.498500
4.091130 476.935200 636.919500
4.107210 457.077600 613.431000
4.123420 457.867200 615.174000
4.139790 484.512000 610.092000
4.156650 512.248800 590.016000
4.173020 515.155200 595.507500
4.197950 473.793600 646.348500
4.205660 489.400800 647.220000
4.222220 487.653600 644.238000
4.238780 486.343200 602.469000
4.254980 482.512800 631.932000
4.273510 480.664800 628.740000
4.287970 458.589600 612.003000
4.307350 500.388000 632.814000
4.337070 346.668000 790.839000
4.353770 328.137600 746.728500
4.370150 325.197600 743.883000
4.386460 360.141600 786.156000
4.402780 397.454400 789.127500
4.435700 424.149600 788.907000
4.452040 400.915200 776.947500
4.468410 403.922400 780.360000
4.485110 388.987200 773.062500
4.501460 400.831200 785.725500
4.527880 405.753600 790.797000
4.538240 417.513600 780.759000
4.550690 422.872800 770.133000
4.567170 422.587200 769.828500
4.583770 370.288800 775.824000
4.600140 342.568800 771.214500
4.616650 340.065600 768.841500
4.637370 340.132800 777.378000
4.649430 320.241600 760.683000
4.682040 341.224800 798.430500
4.698410 353.505600 767.781000
4.715150 356.395200 770.595000
4.731650 310.867200 757.386000
4.747620 303.475200 753.868500
4.780890 278.023200 765.282000
4.797080 312.110400 792.634500
4.813570 307.708800 788.676000
4.830110 293.193600 775.204500
4.856240 275.217600 769.986000
4.862620 273.789600 768.904500
4.879180 283.046400 803.869500
4.895480 268.716000 791.469000
4.912050 264.129600 787.563000
4.928420 289.615200 791.091000
4.944790 259.156800 770.637000
4.961360 263.810400 774.679500
4.977670 674.688000 717.255000
4.994370 900.194400 706.492500
5.010540 900.480000 705.043500
5.027050 1295.380800 748.398000
5.043420 1249.382400 755.076000
5.059790 1246.123200 759.496500
5.076230 1240.108800 734.233500
5.092670 1203.216000 746.928000
5.125800 1216.437600 751.317000
5.142030 1200.494400 738.118500
5.158580 1198.797600 740.859000
5.188860 1194.093600 744.901500
5.192920 1241.251200 740.428500
5.207670 1242.326400 738.727500
5.224170 1230.734400 735.724500
5.240540 1249.449600 731.587500
5.256920 1251.381600 728.815500
5.273290 1270.634400 723.880500
5.289720 1289.584800 688.170000
5.306290 1294.003200 681.849000
5.322660 1219.377600 690.711000
5.339170 1200.696000 726.799500
5.372270 1238.244000 678.699000
5.388760 1286.863200 640.542000
5.421280 1503.734400 715.165500
5.437810 1508.606400 709.863000
5.470560 1487.186400 708.949500
5.487130 1490.008800 674.320500
5.510860 1488.429600 675.958500
5.519730 1436.164800 727.828500
5.536320 1472.167200 743.032500
5.552820 1472.520000 742.717500
5.569440 1433.812800 667.338000
5.585660 1421.078400 722.179500
5.602270 1415.299200 728.049000
5.620240 1434.316800 675.685500
5.635110 1418.138400 626.220000
5.651280 1415.551200 629.401500
5.667650 1495.368000 728.689500
5.684150 1495.670400 729.372000
5.700520 1492.041600 732.585000
5.717230 1451.587200 752.745000
5.733550 1463.649600 726.621000
5.768520 1477.392000 721.297500
5.783430 1480.668000 703.584000
5.799510 1485.439200 698.995500
5.815880 1485.052800 730.180500
5.838110 1311.844800 600.348000
5.848680 1315.221600 594.751500
5.864770 1338.825600 313.855500
5.881630 1277.808000 257.838000
5.897780 1280.294400 252.399000
5.914500 1279.588800 208.876500
5.930880 1295.011200 216.888000
5.947480 1293.230400 221.193000
5.963720 1292.222400 198.996000
5.979770 1266.988800 298.851000
5.996270 1263.141600 309.361500
6.012980 1263.595200 305.182500
6.029480 1245.249600 319.683000
6.045600 1239.504000 335.800500
6.061990 1230.700800 349.755000
6.078630 1246.039200 331.285500
6.111190 1236.530400 326.970000
6.127680 1250.491200 350.238000
6.144110 1255.564800 337.113000
6.162070 1265.006400 276.066000
6.176940 1276.413600 277.977000
6.193440 1282.327200 261.670500
6.209810 1282.411200 257.365500
6.226310 1316.918400 268.233000
6.242690 1318.480800 262.930500
6.259510 1346.452800 261.282000
6.275480 1362.564000 287.553000
6.292050 1358.128800 298.116000
6.308520 1299.110400 345.618000
6.324930 1333.802400 493.804500
6.341440 1331.282400 498.361500
6.357940 1388.402400 687.466500
6.384240 1393.946400 664.702500
6.391420 1400.179200 657.153000
6.407210 1420.238400 687.624000
6.423750 1393.240800 651.913500
6.441930 1390.704000 655.032000
6.456430 1433.712000 683.949000
6.472970 1379.296800 687.445500
6.493850 1376.776800 690.427500
6.505770 1408.008000 668.377500
6.521890 1370.829600 659.473500
6.538400 1369.384800 661.216500
6.554770 1379.716800 649.215000
6.571270 1393.963200 650.317500
6.588010 1396.584000 647.083500
6.604640 1410.192000 598.647000
6.620520 1423.464000 641.224500
6.636890 1424.673600 639.807000
6.653400 1415.080800 420.766500
6.670010 1327.452000 268.369500
6.686550 1325.318400 273.651000
6.712100 1289.484000 298.809000
6.719510 1282.360800 301.843500
6.735700 1278.530400 311.892000
6.752070 1309.072800 295.365000
6.774720 1281.319200 303.492000
6.784950 1279.404000 308.500500
6.801450 1244.594400 293.664000
6.818950 1248.576000 314.097000
6.834200 1246.778400 319.137000
6.850510 1242.494400 304.657500
6.866890 1263.511200 321.730500
6.883720 1265.376000 316.690500
6.899920 1260.487200 331.012500
6.916440 1247.450400 326.760000
6.932610 1252.372800 313.488000
6.949360 793.262400 306.201000
6.965550 580.977600 231.210000
6.982070 578.995200 223.555500
7.000670 509.275200 189.640500
7.014890 508.771200 190.291500
7.037450 509.762400 192.601500
7.047670 541.144800 189.577500
7.064050 578.373600 203.721000
