0.000000 98.624008 59.991544
0.010940 75.239859 49.668509
0.024580 36.386774 28.390174
0.031050 -4.540204 1.746211
0.040310 -26.813192 -15.037616
0.044780 -4.626853 -10.593355
0.051130 -3.355982 -13.159037
0.057850 -3.540830 -13.587158
0.067610 -2.846543 -10.064092
0.071450 -3.490502 -2.863293
0.078250 0.526649 7.323865
0.084760 4.235452 13.163763
0.091750 7.208610 15.509017
0.104940 7.808143 13.363496
0.118410 4.499653 5.714708
0.120680 0.544738 1.341000
0.125100 -3.698388 -2.460922
0.131760 -5.926763 -1.886735
0.138360 -8.487654 2.954392
0.145260 -6.840765 8.265347
0.151750 -6.637225 7.613549
0.165460 -4.364357 5.391968
0.171850 -2.465038 0.063981
0.178750 -1.311777 -4.337878
0.185180 0.663805 -5.637055
0.192030 1.590768 -7.718154
0.198890 4.850391 -7.263126
0.209940 5.725036 -5.607194
0.213900 5.885737 -2.857469
0.222190 4.682449 0.367106
0.233790 2.463540 1.686765
0.238780 -0.453130 1.928215
0.252400 -0.928657 1.771916
0.258910 1.121454 -0.307542
0.265700 6.322351 -2.173633
0.272460 5.968035 -3.343818
0.279020 -0.403021 -4.701984
0.285710 -5.015560 -3.562915
0.292600 -8.196036 -4.260903
0.299100 -9.601085 5.697811
0.305810 -6.109561 1.247923
0.312690 -1.759973 -11.381641
0.319210 2.901658 -22.149679
0.327790 3.259420 -27.052599
0.333320 -2.355844 -27.644585
0.339270 -4.896067 -19.652667
0.352940 -5.413222 -8.483394
0.359280 -5.834772 2.998262
0.366280 -4.307792 5.843138
0.372830 -0.631675 -5.693426
0.379670 1.855743 -7.041447
0.386200 3.609948 -2.888323
0.393670 3.407119 3.076561
0.399650 4.188473 8.236527
0.406500 4.293460 12.156114
0.412980 4.530385 13.446347
0.419790 2.295303 13.246540
0.426370 -0.105682 9.095929
0.433110 -3.156658 4.601716
0.443450 -4.110263 -1.547766
0.453160 -3.053218 -3.305573
0.459870 0.116670 -3.467768
0.466540 2.709561 -2.255606
0.473410 3.586216 -0.256752
0.479950 3.069584 0.341845
0.487540 -0.165870 1.134404
0.493430 -3.119393 0.317935
0.500050 -5.368722 0.041634
0.506870 -4.865878 -0.329499
0.513430 -3.504759 1.500815
0.520190 -2.422627 0.734195
0.526970 -2.234176 0.838011
0.540230 -3.590597 1.024720
0.550770 -2.886851 -1.197569
0.555600 -2.903490 -4.410671
0.560560 -0.166828 -7.005266
0.567050 1.846625 -13.022541
0.573770 2.477553 -19.513715
0.587130 1.201860 -24.683934
0.593910 -1.253547 -24.464888
0.600660 -0.652458 -18.304891
0.607600 1.840262 -8.250438
0.613990 5.811575 1.555562
0.620800 7.573833 10.550742
0.634040 7.861602 14.897779
0.640860 4.162826 11.493070
0.647490 0.486625 9.765768
0.655760 -1.783245 6.197154
0.662200 -1.006311 5.238128
0.667540 -0.155965 4.029563
0.674220 -1.023521 3.797932
0.681120 -2.095754 1.657027
0.687690 -3.085234 -1.193209
0.694370 -4.545852 -3.083797
0.701180 -2.455964 -2.391436
0.714440 -2.120738 -2.645206
0.721500 1.961207 -1.479782
0.727860 6.587312 4.127917
0.734690 7.671981 6.838093
0.747890 6.998675 6.984129
0.754790 5.108538 5.630101
0.761310 1.982269 2.775526
0.782160 -0.420161 -1.264400
0.788120 -1.240967 -3.497105
0.795180 -5.250294 -6.047005
0.801480 -3.495239 -2.750590
0.808390 -3.680717 0.578030
0.815610 -6.309906 1.328037
0.821570 -3.128518 4.629236
0.834960 2.578769 8.172703
0.841660 8.268579 9.618330
0.848540 11.350252 8.258168
0.855040 9.675341 5.544704
0.861750 5.354919 0.469435
0.868640 1.039325 -3.148589
0.877080 -3.726060 -8.854442
0.881690 -5.875664 -14.422380
0.888640 2.029051 -15.892912
0.895260 1.868234 -15.541236
0.901940 -3.123088 -12.779823
0.909950 -7.324894 -9.562774
0.915340 -9.023422 -4.115756
0.922210 -8.273508 1.505457
0.928710 -5.263583 4.009157
0.935490 0.889440 4.637427
0.942320 5.238417 7.087790
0.948810 9.345531 6.495170
0.955530 6.103528 5.167117
0.962440 7.493834 4.174269
0.968920 9.191933 1.838876
0.975780 4.844785 -0.326154
0.983660 -1.657802 -3.103073
0.989290 -7.271518 -5.217228
0.995890 -9.833630 -6.058906
1.002400 -8.234784 -7.872698
1.009170 -5.049776 -9.513991
1.016030 -2.820772 -5.460878
1.022510 -1.137672 -1.409903
1.029200 -2.374614 2.734787
1.036040 -4.277334 7.010409
1.042630 -3.878954 10.070983
1.049310 -1.773746 9.456032
1.056170 0.136823 7.163228
1.062880 -0.038549 6.913912
1.069420 -0.957804 2.073464
1.076130 -0.626536 -3.526581
1.082970 -0.295767 -9.565732
1.089490 -2.733034 -11.589513
1.099250 -2.207311 -11.581231
1.102850 -1.846068 -10.395204
1.109600 2.550260 -5.303010
1.116380 5.928579 1.099586
1.122990 7.144154 8.432096
1.129950 9.138755 9.430191
1.136370 8.721424 11.183119
1.149810 6.716443 10.427453
1.156540 4.069079 10.062873
1.163290 3.304409 6.005454
1.169770 1.085343 3.191777
1.176560 1.715574 2.062957
1.184110 -1.771770 0.423113
1.196650 -3.132303 -2.739158
1.203370 -2.237062 -5.239450
1.216600 -2.192257 -3.812033
1.223440 -0.989154 -2.195486
1.236840 -2.092068 -0.535763
1.243600 -4.159199 -6.087856
1.256990 -2.102107 -15.136209
1.263650 -1.333942 33.060488
1.287400 -2.349992 44.456974
1.297300 -3.726747 32.749811
1.304170 -6.243911 10.752992
1.320520 -7.720793 -15.869901
1.502180 -5.861370 -39.442961
1.507470 -4.862660 -50.764057
1.512370 3.512879 -41.891027
1.518920 11.809277 -11.270620
1.524710 13.706592 24.459831
1.533110 12.207622 -2.304687
1.538080 7.719735 -4.860330
1.544930 2.202803 -5.069841
1.558780 -2.427434 -4.881011
1.565090 -4.476636 -6.925833
1.571890 -5.959041 -6.261239
1.578440 -3.351394 -4.462548
1.585180 -2.965293 -6.127876
1.592060 -2.550931 -3.541149
1.598590 -1.637770 -0.120006
1.606170 -0.924709 2.196044
1.618620 -0.557444 1.520769
1.625530 -1.151672 3.403689
1.632030 -2.020353 8.384179
1.655450 -3.485573 15.666173
1.657260 -2.241078 15.999227
1.660160 -1.861137 12.089818
1.665560 -3.048888 7.055430
1.672250 -1.276115 0.522604
1.679020 0.350150 -9.713767
1.685700 3.504045 -9.196620
1.692370 5.811099 0.685460
1.707210 8.005880 8.271744
1.712710 8.634813 12.460364
1.719420 7.004684 9.493451
1.726010 3.134720 6.662782
1.732810 -1.370580 1.840490
1.739250 -3.231434 -1.795996
1.756560 -6.717055 -1.758839
1.761280 -7.474512 3.984775
1.763590 -8.487083 6.640919
1.766350 -5.622134 4.721545
1.779400 -2.166194 1.773336
1.786300 1.574477 -1.627328
1.793410 3.815838 -2.520341
1.799750 2.146276 -0.978988
1.806230 -0.965255 -1.781059
1.813070 -2.986251 0.483343
1.826350 -4.763563 0.457408
1.840100 -6.236224 -0.205848
1.853120 -4.993599 -2.758096
1.863320 -2.499385 -0.138212
1.869840 2.795745 4.162597
1.875260 2.788144 3.445571
1.881010 3.476772 -5.504884
1.888640 4.940874 10.290400
1.894300 6.648453 34.710560
1.899930 6.147671 54.299729
1.906640 3.620605 57.289867
1.920150 1.358370 45.660510
1.926730 0.345233 25.354388
1.934120 0.186851 0.663204
1.940370 1.929664 -17.729804
1.946840 4.188820 -18.958923
1.960230 4.517525 -0.105363
1.966900 3.615291 2.155292
1.973610 0.187904 4.022579
1.980780 -3.221706 2.063835
1.987010 -1.114074 5.884250
1.993830 0.345855 10.412678
2.000410 2.244242 8.917879
2.007130 1.913010 1.956680
2.013810 -2.388103 -7.086811
2.020700 -0.745728 -9.413142
2.028120 -0.684650 -7.129621
2.033970 -0.338671 -3.766270
2.040730 2.511240 4.414003
2.047300 2.109923 7.541894
2.060850 -0.168832 4.587066
2.080130 -3.465850 0.143325
2.082680 -4.054743 -3.591148
2.087340 -1.523137 -4.709717
2.094220 1.212628 -5.770408
2.101140 1.544288 -4.611149
2.107620 2.390323 -3.335876
2.114470 4.937201 4.188174
2.122290 1.315037 3.868321
2.130660 -0.812420 -1.936587
2.135470 -7.527895 4.720445
2.141420 -12.443990 9.813303
2.148220 -19.491520 12.502755
2.154420 -18.805029 12.662211
2.161420 -9.368807 12.139606
2.168630 0.653509 7.777663
2.181450 10.412639 0.233836
2.190670 9.028558 -4.363406
2.194520 3.869800 -2.834182
2.208010 -4.976337 6.751010
2.216970 -8.377664 2.549941
2.221630 -5.271991 -3.609207
2.228190 1.355907 -6.463306
2.241730 2.776142 -7.333560
2.248260 3.359670 -5.466762
2.255020 2.316517 -0.194660
2.272680 -0.156789 3.881564
2.278010 -0.193279 5.109923
2.282820 0.412860 7.238094
2.295050 0.822760 3.686776
2.301720 -1.835165 8.748535
2.308840 -3.754586 9.483598
2.315460 -0.073376 -6.531214
2.321880 7.864902 -20.419974
2.335320 9.998804 -42.972387
2.342140 8.729712 -66.435792
2.348710 4.896715 -60.971942
2.357480 1.248182 -47.021154
2.369010 -2.413833 -24.096071
2.375540 -4.070298 -6.244826
2.382210 0.297215 6.997063
2.389110 4.957488 5.948184
2.395640 6.784537 -2.271806
2.410850 3.696491 -12.968177
2.422430 1.919059 -8.933728
2.429100 -0.152431 9.890955
2.436010 -2.784789 11.651220
2.442460 -3.795282 17.179974
2.458050 -0.886497 12.559667
2.462940 1.046739 7.510377
2.471290 3.120594 -9.890157
2.482700 4.478066 -17.546762
2.489580 5.216236 -7.180455
2.502870 2.684825 -3.367183
2.511840 -3.798175 -2.734684
2.519170 -4.981856 -5.044630
2.522860 -3.255151 -1.688708
2.529810 0.454443 -3.510134
2.536300 4.242403 -0.357090
2.549670 6.224296 4.429707
2.556410 2.799471 7.976438
2.563070 -1.617897 11.289166
2.570010 -8.448155 3.984960
2.583340 -7.528834 0.960029
2.590130 -0.785372 3.246352
2.610000 4.761905 4.692895
2.616760 8.148088 5.613313
2.625320 3.593199 3.486624
2.629900 1.961331 -4.434018
2.638990 2.135092 6.652649
2.650060 2.060678 21.755633
2.663530 -1.621480 31.267981
2.676920 -1.826372 35.883196
2.685100 -4.513467 31.691318
2.690380 -6.323564 18.373138
2.710400 -6.292330 2.415800
2.724010 -5.628205 -13.522054
2.744040 -2.845704 -21.358779
2.750810 -1.240750 -7.119986
2.757310 -2.419763 -3.902008
2.770910 1.116049 -1.158423
2.780210 5.766676 7.000074
2.789340 -9.580662 15.576444
2.793880 17.877289 9.432753
2.804310 41.317653 24.210003
2.810950 39.716567 25.610470
2.817780 23.080581 16.699747
3.011770 0.095502 5.853254
3.018700 -23.976627 -11.605047
3.025190 -38.693090 -22.135548
3.031920 -43.584442 -23.516490
3.038480 -29.450830 -22.407815
3.045170 12.001457 -13.445819
3.051890 8.436163 4.481955
3.065160 2.079481 -4.163628
3.067300 1.433880 -6.478730
3.071950 1.275727 -7.032238
3.085390 1.492583 -4.230764
3.092180 -1.950747 -3.275458
3.098750 -1.941950 -3.560628
3.112310 0.726717 -5.255205
3.116020 3.272771 -5.240421
3.126010 3.203352 -6.921337
3.132570 1.542571 -0.306849
3.139330 -1.848195 5.112318
3.145860 -1.875415 8.679517
3.159500 -2.727580 21.930737
3.168420 -1.395095 5.869828
3.176320 1.516424 -21.282964
3.186170 1.827643 -43.282223
3.192760 0.586347 -53.371599
3.212730 1.469547 -48.515179
3.219690 -1.726889 -31.418568
3.226230 -1.887348 -14.822927
3.233060 -0.685586 2.865069
3.239580 -1.196783 11.687501
3.247310 3.526921 -0.620160
3.252950 3.768528 -0.674157
3.266380 2.435917 5.627013
3.273050 1.138717 12.015592
3.282420 0.601826 12.132816
3.286630 0.030825 6.826150
3.299850 3.914228 1.055117
3.307650 3.968979 -0.904384
3.313460 3.725186 -1.317779
3.319960 4.285698 -4.496352
3.326720 -0.783492 -12.219081
3.333540 -3.184000 -9.522872
3.347010 -5.132639 -2.087824
3.353440 -2.460443 -2.247248
3.367030 -1.476730 -0.063821
3.373550 -1.067621 2.426687
3.380320 0.319011 4.543803
3.407220 3.339915 -0.625968
3.411030 3.559931 -8.945321
3.415150 0.096720 -9.989422
3.420420 -2.248342 -2.807301
3.427290 -4.153717 -1.165040
3.434710 -4.934280 -3.500163
3.440520 -2.752014 -0.683015
3.447400 -1.129954 2.848624
3.453900 -0.889626 4.767180
3.460600 -2.759709 6.260144
3.467450 -3.381919 11.344875
3.474020 -3.748297 14.199368
3.481570 -4.131710 9.852949
3.487560 -3.760943 1.745393
3.495050 -2.459452 -5.279695
3.500960 -0.010673 -11.285819
3.507580 -2.380852 -15.341510
3.514170 -2.123486 -14.007585
3.520880 -2.824028 -9.373113
3.528200 -3.113057 -5.525982
3.534480 -1.937244 -2.799084
3.547710 -2.478373 -0.533140
3.554560 -2.648084 2.549325
3.561070 -1.246384 1.394298
3.567830 1.711433 -0.665400
3.581160 4.473979 -0.536478
3.588040 6.096940 2.084648
3.594560 7.065849 3.611406
3.608640 5.974949 5.301666
3.614500 -0.833544 5.271255
3.621740 -4.771247 4.185451
3.628040 -2.826943 -0.175217
3.634930 -0.885798 -6.473161
3.648180 -4.078605 -8.055556
3.655030 -3.321416 -5.733771
3.668710 0.706090 -4.212331
3.675080 0.850632 2.980369
3.688510 -1.684623 4.410271
3.695000 -1.014608 3.446485
3.708610 5.951018 2.154903
3.728580 6.761965 3.285609
3.735340 1.474707 2.289774
3.748640 -4.430745 4.122810
3.755510 -3.529046 1.812542
3.768870 -4.056926 -0.744644
3.775570 -5.184711 -0.154290
3.782180 0.675718 -2.564830
3.788720 5.860247 1.164950
3.795700 7.598339 7.170817
3.802190 5.543238 11.976676
3.815600 1.749208 8.160347
3.819570 -0.597295 1.736584
3.822740 -0.399918 -5.435106
3.828870 -2.367476 -6.440375
3.835690 -2.626677 -4.586700
3.842330 -3.421321 -1.797125
3.849230 -7.311981 -1.093210
3.862490 -10.076101 -0.815759
3.869370 -2.560975 -5.564767
3.875930 1.288148 -10.888517
3.882500 5.255935 0.132340
3.889460 5.869880 4.277177
3.895970 5.220184 57.019902
3.909550 8.115691 67.300884
3.915940 5.698671 47.965357
3.922750 3.883583 10.436827
4.125380 5.846412 -30.055922
4.136180 9.648064 -61.022068
4.138970 5.453906 -68.422405
4.150740 2.889854 -50.399534
4.157160 -2.330751 -19.760957
4.163730 -2.016405 19.280765
4.170440 -3.279339 -0.589190
4.177160 -7.560553 7.516050
4.183820 -2.490364 7.462360
4.190560 2.280343 8.649131
4.197360 5.171609 7.725661
4.210680 6.163206 8.077878
4.217630 2.686329 3.311913
4.234210 0.784758 1.543850
4.241790 -1.076564 -2.221200
4.248800 -5.671267 -0.026280
4.255410 -7.658319 -1.079562
4.277550 -1.331096 -2.577534
4.280110 3.329852 3.310273
4.284540 10.156844 6.627198
4.291370 12.053080 -11.106025
4.297880 -10.446980 24.570251
4.304580 13.322272 36.422379
4.311530 37.430655 62.300834
4.318000 38.941869 61.190977
4.331410 24.541836 37.546845
4.536770 2.699689 6.437978
4.566000 -19.815048 -25.219285
4.572480 -40.428453 -51.386379
4.579180 -50.650602 -57.602424
4.587430 -37.448908 -20.220026
4.592680 8.356821 -21.057629
4.599300 9.938194 8.832249
4.606080 3.338472 1.863399
4.612670 5.094484 8.378305
4.619360 1.436716 12.465100
4.626150 0.225062 11.761208
4.632620 -2.931745 3.317347
4.646160 -6.756700 -1.244006
4.652970 -3.469496 -0.444935
4.659550 2.865141 -2.724797
4.666250 6.971965 -6.000411
4.673100 6.355032 -5.987409
4.679650 4.709700 -5.912328
4.686380 -3.277325 -6.448198
4.702850 -0.966845 -2.459924
4.704920 -2.471318 0.287234
4.713170 -3.982855 4.183101
4.719910 0.448858 6.256994
4.739940 -0.380924 8.363684
4.753320 -0.805232 6.878096
4.760140 -0.197600 3.498420
4.766740 3.332164 -4.881644
4.773410 4.846737 11.507173
4.780330 7.022693 41.974051
4.787750 2.764564 50.871606
4.793570 -0.959541 46.647221
4.800400 -3.000200 30.413687
4.820460 -6.168555 0.560676
5.064030 0.163201 -22.411848
5.068310 0.958589 -33.480330
5.074680 -2.367909 -24.056167
5.081370 -2.169600 4.084268
5.094770 -3.587546 13.513273
5.101480 -5.978780 3.883302
5.108290 -8.822311 0.451482
5.115080 -6.474317 -1.696331
5.121750 -1.647311 -5.859458
5.128420 4.631942 8.490871
5.137240 -0.095528 13.541676
5.141650 -0.535881 16.748773
5.148690 1.343863 15.347232
5.162120 -4.820648 8.469651
5.175310 -5.342539 3.266444
5.182090 -1.921347 2.547638
5.188700 3.131809 0.970953
5.195400 4.947509 -0.856809
5.202110 4.520983 2.031297
5.209490 0.032407 -3.000330
5.215490 -0.756035 -2.382681
5.222190 -4.871114 1.654693
5.228980 -5.719990 5.801057
5.235580 -1.346608 9.352867
5.242720 -0.313798 9.316107
5.256140 2.116316 2.283426
5.262850 5.586143 -1.782731
5.269090 7.418234 -3.909799
5.276020 7.571054 -4.555616
5.282500 5.578552 2.478308
5.295910 1.140746 4.184232
5.303120 0.177609 -0.108563
5.309550 -4.426822 -1.552213
5.315950 -7.988168 3.522688
5.322740 -2.227904 4.838307
5.329570 2.360638 -11.397348
5.336060 7.941094 -28.001637
5.357110 5.943189 -51.892300
5.361830 2.998227 -65.331342
5.364030 3.503941 -72.080380
5.369650 1.962792 -56.929685
5.376250 -0.590791 -26.462660
5.382790 0.792859 -0.938211
5.389890 2.603616 5.990586
5.403460 0.806632 3.142960
5.416430 0.892948 2.148640
5.423220 -1.563954 -6.872972
5.429850 1.981298 -5.434823
5.436810 3.459500 -2.873670
5.449940 1.510661 3.764140
5.456900 1.671601 2.996731
5.465560 0.172876 1.358229
5.469870 -4.101360 2.088226
5.477020 -1.657248 4.396386
5.483420 -0.952630 4.798336
5.503510 -2.046736 6.700812
5.510300 -0.184401 2.704543
5.517020 -2.421202 3.398546
5.523650 -1.504123 -0.218497
5.530310 2.580046 -0.512253
5.538170 -3.425582 -2.148714
5.550490 -2.149465 -5.737139
5.557330 0.150974 -6.846717
5.563780 1.471387 -8.094208
5.577040 3.229213 -4.824805
5.586550 6.183981 1.726597
5.597500 6.160562 5.812258
5.604020 7.031936 4.869458
5.617590 2.120381 4.098682
5.624160 -5.468328 1.854692
5.637530 -1.251185 -0.008737
5.644290 -2.330905 -0.118154
5.650930 -1.391447 0.849086
5.657570 -3.125784 -1.159101
5.670960 -3.259754 -1.633740
5.685370 -1.543545 -8.261470
5.691010 0.972810 -6.044330
5.697740 2.891518 -2.697336
5.711270 4.824625 -2.732725
5.717840 1.857685 -1.133034
5.726990 -1.057252 4.031221
5.731520 -2.349175 3.763501
5.738010 -2.123282 -1.725616
5.751550 -1.395775 -3.168461
5.758040 0.811832 -6.000099
5.764770 0.878264 -0.319905
5.773870 -1.195553 3.465238
5.778170 -2.821356 5.516084
5.785040 -3.982988 10.121725
5.794040 0.922236 5.883804
5.798060 -1.217599 2.740520
5.805010 -1.024688 -0.205914
5.811830 -1.157172 1.485386
5.821290 -1.807284 3.002729
5.831770 -2.061565 2.932395
5.838400 -3.199082 2.305739
5.845320 1.723830 -0.065207
5.851800 2.584484 -5.093218
5.858580 -0.052690 -10.252750
5.874270 -3.397261 -13.102925
5.879720 -2.923975 -13.401554
5.885350 -2.347986 -18.401856
5.892390 0.675721 31.523759
5.902830 4.923701 48.905791
5.906120 7.248035 42.843310
5.918810 10.937498 18.642613
5.925790 5.780442 -11.936115
6.106210 1.282172 -36.801589
6.114580 -4.108416 -48.383151
6.121670 -6.439455 -42.783417
6.126250 -10.024453 -14.000166
6.132970 -8.482860 27.200366
6.139760 -2.259234 10.827028
6.148530 0.259977 10.127243
6.159830 3.085669 5.049878
6.166460 1.281273 -1.847072
6.173280 0.981603 -4.323555
6.180240 -1.170273 -7.183831
6.186820 -1.416152 -7.703853
6.196430 -0.834283 -3.242628
6.204960 4.920964 -0.248788
6.209520 7.160808 3.086774
6.220640 3.922245 3.111260
6.228110 1.586713 6.239633
6.233540 0.031741 4.407075
6.241660 1.225006 1.168396
6.246840 -0.625607 -5.007596
6.253560 -0.248181 -7.713952
6.266910 0.983548 -8.013331
6.273640 0.759120 -5.192277
6.280320 0.424380 -0.852802
6.293870 1.206295 1.065198
6.297880 2.069921 3.823442
6.302290 3.531751 3.470290
6.314280 0.615363 4.579313
6.320730 -3.306658 4.285083
6.327550 -3.874674 0.204472
6.348650 -5.026988 -4.056305
6.354160 -2.634285 -6.859813
6.360940 0.112129 -9.461639
6.367580 1.794171 -2.540678
6.387730 1.261032 1.160098
6.390520 0.855008 3.609358
6.407800 0.829727 5.344284
6.421430 1.267041 4.059536
6.430250 0.057123 4.101054
6.443650 -1.238203 2.454850
6.451000 0.740672 -1.337276
6.454490 -0.664416 -1.360147
6.461420 -3.281327 1.847813
6.468070 -3.913293 0.681989
6.481610 -3.402281 4.540376
6.488080 0.929720 4.946572
6.494870 7.255301 4.108760
6.501690 6.508914 1.469016
6.508230 2.760270 -5.696436
6.523360 -3.568683 -11.972023
6.528330 -8.299731 -9.053336
6.541910 -7.578530 -3.803620
6.548440 -0.253520 2.194941
6.558650 2.268440 3.224359
6.561650 4.095615 5.998533
6.570550 3.899553 7.982375
6.575230 -1.918363 6.680071
6.582140 -4.805332 4.222995
6.588590 -5.686556 5.238360
6.602080 0.113657 7.420463
6.608900 7.079929 7.114457
6.616850 5.890675 0.535714
6.622250 0.721962 -6.110008
6.628760 -3.026424 -8.591449
6.635560 -0.659546 -9.180239
6.642170 -0.165164 -7.397483
6.649050 0.589925 1.729093
6.655580 3.402733 6.434266
6.668380 7.094302 6.269035
6.670660 7.742077 5.075267
6.682380 -1.404115 -0.792154
6.689270 -7.390287 -2.003694
6.702480 -9.403896 -2.878177
6.717510 5.194524 -7.167051
6.725250 -1.060803 3.698582
6.736280 -21.311451 29.408610
6.742760 -38.416363 40.049169
6.749410 -74.047817 68.698274
6.762850 -68.245709 98.207343
6.771930 -31.600207 84.241312
6.779660 16.836027 38.719813
6.782660 61.693182 -14.443114
7.452650 82.253629 -50.612750
7.466500 60.315475 -55.805912
7.472860 32.885687 -46.894423
7.486100 2.999022 -23.809927
7.492900 -18.488080 10.033730
7.507320 0.086893 13.762934
7.512930 1.478360 -6.896675
7.526320 -0.461335 -13.971626
7.535050 -1.740847 -11.954135
7.546360 -5.127984 -5.843401
7.553090 -7.404583 -1.250674
7.559850 -6.592777 3.820982
7.566730 -8.915782 5.240890
7.573210 -7.381652 0.870302
7.580000 -6.777193 0.564241
7.586750 -2.737562 -0.265935
7.593310 0.875832 0.451780
7.600000 1.586339 2.820632
7.606880 3.503264 5.125467
7.613390 4.112959 6.555852
7.626970 2.868600 4.571531
7.633500 0.387055 1.256360
7.640220 -0.631368 -4.540493
7.651260 -1.946019 2.676542
7.653730 3.383696 -6.728676
7.660480 5.740940 -25.134476
7.673670 7.130222 -46.418240
7.680420 6.604411 -51.790045
7.687360 4.472183 -43.896263
7.693860 1.522629 -24.600233
7.700540 -0.278636 -3.234129
7.707350 -1.007838 15.501898
7.713860 -0.709432 23.163810
7.720670 2.584649 4.744772
7.727630 1.288580 -5.790999
7.734280 -0.410688 -11.826839
7.749250 -1.222087 -5.009807
7.773500 -0.381785 -0.559011
7.777330 1.808787 5.059590
7.781540 2.841915 3.258923
7.787620 2.613937 3.907087
7.794440 3.821343 0.996993
7.800950 1.821966 -0.688449
7.807630 -3.383886 -0.263012
7.814460 -9.024543 2.394661
7.821040 -9.566005 7.553787
7.827740 -5.473800 8.826997
7.834560 1.977774 8.780615
7.841120 5.444842 3.505585
7.847830 6.184437 -1.595941
7.854530 1.103489 -8.104167
7.862670 -3.147949 -10.303981
7.867770 -3.680289 -13.323744
7.874670 -3.491693 -12.117008
7.881380 2.036966 -3.475544
7.888020 8.488235 8.655056
7.894560 8.483221 19.418534
7.908220 1.616975 21.314712
7.914820 -1.452979 16.019606
7.921500 -5.029522 8.699720
7.928270 -3.353576 -0.084861
7.935060 -0.142219 -9.754335
7.948280 -2.006916 -8.835990
7.955130 1.941665 -3.645148
7.968410 3.068762 0.362352
7.979370 0.850781 2.448108
7.995300 0.951250 1.312324
8.008580 3.492357 0.337979
8.015280 0.070929 -0.972384
8.028680 -0.769775 -3.355545
8.035360 -3.515934 -3.889714
8.042180 -6.867603 -4.364292
8.048990 -2.508227 -6.485085
8.055460 -1.582649 -6.111684
8.062260 0.568160 -7.679178
8.074940 2.819068 -8.148365
8.086250 3.335116 -4.831781
8.095180 1.064959 0.100264
8.102200 -0.383626 6.305378
8.109180 -0.155779 10.434989
8.115720 5.689080 -12.211254
8.122500 3.219534 10.009242
8.129220 -5.978810 76.721034
8.136010 -9.648669 82.165474
8.142600 -8.162430 51.559682
8.156070 -5.085160 2.150822
8.162850 -0.350869 -50.015745
8.340180 1.068322 -88.112863
8.350610 6.784226 -101.644313
8.363420 5.090422 -76.329409
8.370110 -2.713369 0.510344
8.376830 -4.333801 30.330051
8.390200 -1.291564 2.005497
8.412240 1.611062 1.172568
8.430760 -0.506779 -1.052856
8.438170 -0.718393 -1.768533
8.443880 -0.929176 -0.149147
8.450750 1.629561 0.355593
8.457570 0.382095 1.088588
8.477450 1.952070 1.422798
8.486430 2.615339 -2.389039
8.494440 1.958577 -1.185140
8.499070 0.735533 3.153897
8.504470 -2.576276 5.847949
8.510940 -1.907893 9.181020
8.518370 -3.227688 10.110687
8.524180 -2.428333 6.628960
8.531740 -0.089258 2.738280
8.537730 1.310666 -0.743857
8.551130 3.105602 -4.558232
8.557820 4.028441 -6.664452
8.564640 5.245728 -4.407803
8.571220 3.987689 -4.080997
8.578460 0.643084 -3.642760
8.584640 -0.896663 3.053732
8.591520 -1.138618 5.996871
8.597990 -2.219151 3.788309
8.604760 -1.609655 3.330213
8.611430 -0.867363 2.952084
8.618110 -2.306950 4.050099
8.625290 -1.841862 8.594474
8.634230 -3.050246 5.465724
8.638050 -3.547884 1.096018
8.645170 -1.210381 4.138648
8.651600 -1.388367 -0.630964
8.658470 -2.367791 -0.517504
8.665000 -0.474165 -0.028665
8.671940 -2.700472 -3.120758
8.678530 0.498273 -7.361611
8.685120 3.881444 -4.593028
8.691800 4.113502 0.411432
8.698670 2.750164 7.500407
8.711870 3.065870 13.942044
8.719200 1.890198 11.124902
8.725280 2.977141 3.896778
8.731980 4.141422 -6.600610
8.740100 2.192258 -12.591408
8.745210 2.826431 -13.939291
8.752070 0.533405 -9.966524
8.758780 -2.266601 -7.682579
8.766530 -3.739941 -3.021319
8.772130 -0.681499 3.843890
8.778920 -1.700622 9.397460
8.792260 -1.877844 8.868234
8.798880 -2.008832 8.164365
8.805700 -3.014555 0.667975
8.814270 -1.145411 -4.967578
8.819700 3.355496 -6.849625
8.826020 4.042845 -4.435997
8.832440 4.044535 -1.256460
8.839280 2.855500 -1.366791
8.846560 -4.502676 -5.157412
8.852380 -4.692268 -9.740757
8.859940 -7.347938 -9.530264
8.866020 -5.225075 -9.597058
8.872640 1.047656 -3.274971
8.879530 4.172424 0.002863
8.893100 3.335694 4.549443
8.912650 2.869327 6.904530
8.922770 0.920654 6.190013
8.939700 0.297438 1.620791
8.963790 4.745286 -1.260063
8.967270 2.053157 -0.628104
8.972950 -0.228779 -0.630898
8.979890 -6.062320 0.496431
8.993200 -5.730569 -0.124248
9.000280 -3.671910 4.013913
9.013300 1.568880 5.459862
9.019970 4.119260 6.435342
9.033390 4.038727 3.498238
9.040140 -2.149690 -1.734896
9.047310 -8.273221 -4.002080
9.053540 -8.020655 -5.807827
9.060250 -7.451304 -5.262142
9.069000 -5.497975 0.468985
9.073430 -2.378721 4.370125
9.080340 -0.968282 3.405346
9.093860 -3.829527 -2.067857
9.107290 -4.742906 -6.726746
9.113840 -2.515046 -3.510535
9.120530 2.151783 7.451999
9.127300 3.203855 10.338893
9.133890 -0.573608 9.745136
9.141390 1.970982 7.917674
9.147530 2.873386 3.494480
9.154110 1.409070 2.576461
9.167650 1.596386 3.341841
9.175600 2.779783 7.532673
9.185750 4.404054 9.688492
9.198950 2.276283 7.573545
9.202480 -2.669722 1.804227
9.207540 -5.364404 -1.384276
9.214420 -4.280479 -6.312966
9.220930 -5.172329 -14.555807
9.227600 -0.149440 -19.097233
9.235430 3.454018 -17.325187
9.241010 7.768159 -10.682485
9.247820 7.663615 -3.591013
9.294590 3.570675 5.759176
9.301480 1.837069 10.167541
9.308010 -0.669275 8.889051
9.314710 -0.754217 2.053237
9.321590 2.663008 0.211961
9.334810 7.475103 -0.835065
9.341680 8.761069 1.299196
9.354940 7.830619 1.601363
9.361730 3.617664 3.117869
9.376770 -0.101972 4.951725
9.381700 -3.225814 0.567883
9.396800 -4.230634 -1.692136
9.401620 -1.868149 -6.497973
9.415180 -3.095213 -3.300340
9.422480 -4.324400 -2.225763
9.435250 -4.462722 2.613985
9.442150 -3.648164 5.585998
9.455370 -0.307955 8.899614
9.462240 6.050419 7.996548
9.470290 7.916716 5.107860
9.475440 6.840300 2.305035
9.482340 1.980638 -0.233520
9.488840 -3.666786 -0.062153
9.495560 -6.921864 -0.181967
9.504950 -7.837520 0.707051
9.508780 -4.600875 0.877235
9.517750 0.046636 -0.176542
9.529000 2.622481 0.774289
9.535800 1.090508 1.710806
9.542570 2.169209 3.911723
9.549210 2.835532 2.480797
9.555830 2.638226 -3.510683
9.571840 2.531182 -3.705478
9.576400 2.515203 -4.426563
9.582880 0.591763 -2.475807
9.589800 0.145775 1.135314
9.603040 0.992507 2.604541
9.632780 3.457933 -0.560700
9.635290 3.999805 -4.008479
9.637890 2.441599 -9.557321
9.642940 0.767367 -7.550256
9.649660 -2.468786 -4.446963
9.663100 -6.804172 -0.944830
9.669760 -9.691884 2.702691
9.676590 -8.923417 -0.672855
9.683150 -7.141861 -0.978536
9.696690 -5.640416 -1.658448
9.703440 -4.684403 0.223142
9.717660 -2.119821 3.904079
9.727070 0.939964 1.449238
9.736960 1.899145 -0.802147
9.743380 1.853301 2.679324
9.752460 2.846190 2.834777
9.756800 4.540567 3.350292
9.763450 4.185106 7.973981
9.770260 5.675853 8.645620
9.776990 11.254642 11.298508
9.783590 10.060652 8.396833
9.790270 4.143819 1.755554
9.804710 -4.282316 0.572185
9.810510 -13.196117 -1.847536
9.817240 -15.677629 -5.250881
9.824100 -11.116697 -5.953905
9.832490 -2.363013 -6.445455
9.854280 9.231126 -3.936241
9.857860 14.459468 0.822171
9.864160 7.207614 1.937579
9.870640 0.698069 3.530928
9.877530 -2.484019 1.456946
9.884040 -3.566299 -3.795810
9.897520 0.500974 -9.214644
9.904260 2.662355 -11.454949
9.917550 2.898740 -13.588424
9.924320 -0.443924 -6.979134
9.930970 -4.333502 2.662820
9.945120 -7.489066 8.521322
9.951090 -4.892039 15.598631
9.957930 -0.999392 17.059267
9.964410 3.059488 13.346081
9.971110 7.855329 6.146207
9.977920 11.411395 -1.013543
9.989130 9.628810 -6.147677
10.000510 2.242553 -4.820783
10.004730 -4.594130 -3.140323
10.018050 -11.551968 0.694788
10.024890 -12.782539 3.273093
10.038160 -9.212087 2.019783
10.046710 -2.968760 0.768415
10.054030 4.128486 0.426340
10.058130 8.585301 -1.715866
10.065110 7.891276 -4.329096
10.071770 7.239403 -4.438794
10.079110 6.973316 -4.479352
10.091750 2.851688 -1.521367
10.098370 1.662806 -3.090253
10.105070 1.891953 -4.013272
10.111780 0.171750 -6.385112
10.118660 -1.289623 -10.431916
10.125020 -0.915043 -11.003984
10.131890 0.857574 -7.507856
10.138730 2.122605 -2.319650
10.145270 2.046849 3.363987
10.160780 -0.047600 7.157625
10.165210 -0.050757 4.515984
10.178800 -1.981283 3.322460
10.185630 -6.153438 -0.724811
10.198850 -7.540047 -1.689158
10.205730 -6.820659 -1.698235
10.212250 -5.111713 1.653520
10.219870 -3.455415 8.555228
10.226580 -2.039191 16.392964
10.232710 -0.271425 16.514817
10.239400 1.602012 11.277950
10.246190 1.748580 0.163805
10.252550 2.259410 -7.335505
10.259630 1.665694 -7.545940
10.269490 3.307331 -8.691719
10.276410 7.386355 -6.332564
10.283110 6.718970 0.030215
10.285780 3.991833 2.143657
10.299330 0.690976 0.822551
10.306010 -4.555520 -3.618235
10.319420 -5.893325 -5.804770
10.325970 -3.111657 -4.178774
10.332930 0.138984 -4.310460
10.339510 5.000547 -4.467055
10.346210 6.475827 0.459357
10.352980 4.225420 5.980991
10.360490 3.333890 4.906825
10.366310 1.646054 -0.189233
10.383500 -0.346558 -4.078348
10.386260 -3.497172 0.448614
10.393270 -8.167778 3.798071
10.399820 -12.994815 8.686888
10.413180 -13.138445 7.438491
10.419900 -5.252842 6.542430
10.426620 2.093129 0.728793
10.433470 5.510535 -22.860638
10.440010 7.234770 12.590350
10.446690 5.482436 31.466012
10.460110 2.173276 30.449091
10.466960 -1.215799 16.718365
10.480310 -3.263708 -1.740697
10.668700 -1.914485 -21.531029
10.674500 -0.328009 -31.753317
10.681330 -2.885075 -36.797906
10.688550 -1.649995 -22.340148
10.694730 2.018679 14.931210
10.705400 0.292163 -1.997431
10.714850 -0.683717 -1.268684
10.721370 -1.944509 -0.027779
10.727990 -1.279047 -4.391961
10.741450 -1.474401 -5.576411
10.748090 -1.127200 -5.392806
10.754990 -2.886424 -4.162911
10.761530 -1.806885 -1.755031
10.768240 -0.840771 -3.192997
10.775010 0.791700 1.091838
10.782080 2.701126 -0.193862
10.788340 3.469185 -3.300990
10.795120 2.913378 -6.857275
10.810280 2.109097 -2.570288
10.821670 0.595318 -0.579525
10.828950 -0.589634 -0.785345
10.835160 0.409300 -4.053032
10.842220 -0.016465 -1.059315
10.848550 -0.806639 13.231598
10.862100 -1.980405 11.127229
10.868710 -2.953612 6.913677
10.882250 -1.158082 0.294424
10.888750 1.227872 -4.726161
10.915610 -0.571561 -10.206755
10.926780 2.113073 -10.750368
10.929120 4.553570 -11.078257
10.942330 5.149553 1.676550
10.949160 1.097209 8.439560
10.962400 -3.423774 5.737056
10.969870 -4.627641 5.254442
10.983440 -2.812556 6.550794
10.989540 -3.656499 6.774826
11.002890 -2.660763 5.955956
11.009350 2.806021 7.705507
11.022900 3.421282 3.449086
11.030370 2.129337 -0.487886
11.042760 0.986284 -9.231965
11.049680 0.922859 -12.557744
11.069810 1.732176 -9.491598
11.089820 -0.389063 -1.567606
11.103300 -3.146537 5.625748
11.116490 -1.313883 9.478008
11.123430 -0.095878 6.984661
11.129880 0.249091 -2.569596
11.138190 -1.898649 -8.300934
11.144510 1.108439 -4.909959
11.150010 3.894042 -1.908144
11.156700 6.786411 2.732136
11.163550 7.079591 3.644958
11.170100 6.029807 3.211799
11.183720 4.989165 -0.138081
11.190160 -0.815592 -1.553873
11.196860 -5.391422 -4.477251
11.210250 -7.864510 -8.711901
11.223640 -3.994102 -4.393063
11.230440 -2.243659 0.456424
11.243810 1.120287 7.247059
11.258420 2.811038 13.596801
11.264780 -0.679205 15.145357
11.270600 -1.310249 13.030835
11.277350 -1.127302 8.781623
11.283910 0.896450 -0.894703
11.290680 3.255347 -6.488386
11.304270 6.202253 -7.029927
11.310800 6.581311 -7.011729
11.324120 4.026536 -6.209855
11.330810 -1.174801 -4.709037
11.344800 -4.936614 -4.106274
11.351060 -3.806915 -0.140662
11.370990 -2.787697 2.834529
11.373520 -1.389725 4.419848
11.384530 -0.680503 8.337383
11.391130 -0.176990 10.005031
11.397810 0.674039 11.673937
11.411190 0.984992 5.572378
11.417820 -0.244319 -1.820986
11.424710 -3.026898 -7.946385
11.431350 -2.642225 -10.539826
11.444800 -2.650109 -13.559372
11.451460 -2.798075 -14.915951
11.458090 -2.946958 -10.858065
11.471570 -1.453161 -5.279671
11.473900 1.820192 1.042708
11.478170 6.001727 7.163624
11.485080 6.699517 7.756822
11.491570 3.917063 7.533323
11.505090 -1.464662 3.491013
11.511690 -7.071064 2.861891
11.525230 -7.526655 0.194357
11.532000 -6.530442 -2.200304
11.538470 -2.128895 -5.140105
11.545300 2.082815 -6.493654
11.551850 5.641720 -3.700218
11.565420 2.404265 -1.597320
11.571940 -2.196512 4.711090
11.583460 -3.250402 7.650963
11.585690 0.109473 8.616956
11.592020 1.240908 3.180792
11.598810 2.269524 1.677196
11.605780 5.494547 0.945337
11.612200 10.986948 -0.403402
11.618830 8.814999 0.050509
11.625650 0.230528 -1.510448
11.632320 -7.127586 -2.351911
11.638940 -10.052737 -3.485524
11.645680 -8.093236 -7.461906
11.652290 -4.735392 -5.971745
11.665730 3.777634 -0.505770
11.679120 5.452607 1.289443
11.688860 -1.563002 5.543513
11.712720 -11.303656 4.270682
11.720290 -13.828827 2.007209
11.726030 -11.845905 -3.168756
11.732850 -6.091896 -8.326182
11.746140 0.624079 -8.986472
11.752890 4.240955 -2.245562
11.759530 5.999695 1.506059
11.766200 0.619320 0.321421
11.772910 -0.966669 -0.085707
11.779780 1.575984 -2.847288
11.786380 2.747974 2.687340
11.797920 4.673149 6.605782
11.806480 7.583142 13.962995
11.819770 8.343128 12.858403
11.826510 1.826559 8.285338
11.833270 -1.914070 1.302699
11.839730 -5.909610 -4.994245
11.846560 -7.547399 -7.817982
11.853300 -7.077413 -5.166451
11.866670 -3.754805 -0.479525
11.873400 0.118550 1.513604
11.880230 2.538569 0.927045
11.886850 0.807421 -4.660702
11.893460 -0.702176 -3.312500
11.921890 3.500547 -1.847353
11.934280 6.669597 1.733755
11.940490 4.522374 2.593759
11.947110 0.691148 1.971071
11.953710 -1.422063 3.596863
11.960610 -5.673631 3.193388
11.967210 -8.020651 -1.540784
11.973860 -6.605478 -2.478830
11.987230 -2.235336 1.599577
11.993960 3.124940 1.282776
12.007320 7.021967 1.690751
12.016210 8.610156 2.140413
12.020560 8.094936 4.079409
12.027490 2.571774 5.375289
12.034120 -4.652949 0.901364
12.041810 -7.174957 -3.083682
12.054230 -7.742244 -4.221885
12.061070 -5.278775 -10.027976
12.067590 -0.745378 -6.376472
12.074490 2.989968 9.875408
12.081040 3.188860 18.142877
12.089250 -0.600667 19.289783
12.095430 -0.395430 14.382716
12.101110 1.740496 8.486934
12.107790 2.898117 2.963287
12.114690 3.071999 2.064554
12.122170 3.040776 3.433478
12.127750 0.991937 5.352551
12.135370 0.197204 -0.530635
12.141510 0.430672 -10.272938
12.147990 1.346058 -14.728355
12.154800 1.503139 -13.886383
12.168090 1.140991 -6.599568
12.174960 1.567872 2.407890
12.182500 -0.128764 5.575728
12.188190 -2.401265 2.039765
12.195060 -3.562570 -2.462487
12.201570 -6.330576 -1.807704
12.208270 -6.924165 -2.451593
12.214950 -5.217564 -1.000121
12.221650 -1.758604 3.369050
12.237710 2.972488 5.639180
12.240220 4.433382 9.244933
12.248500 1.624068 7.465639
12.255250 -1.278536 9.084489
12.262060 -3.669420 3.729277
12.268550 -6.061881 -1.838135
12.278770 -4.391571 -7.012717
12.288670 -4.449728 -10.443385
12.295400 -1.803076 -10.564957
12.308740 1.824589 -6.660631
12.315520 2.862255 -2.116971
12.324490 5.798664 1.395917
12.355250 8.379197 14.728366
12.357820 9.198911 25.494331
12.362270 6.922935 36.161834
12.369590 4.173989 34.550855
12.375790 3.228735 24.554458
12.382570 2.780821 11.068199
12.389120 1.040999 -2.974417
12.395830 -1.506329 -13.300036
12.402680 -0.434804 -10.853724
12.409220 -0.508780 -0.817755
12.416870 -0.026560 2.913772
12.422810 -0.332070 7.577153
12.429310 -0.483068 12.342288
12.436040 -0.533823 10.312328
12.442910 -1.073441 2.815672
12.449860 0.781263 -5.094547
12.455930 1.603691 -11.078650
12.476190 2.210166 -12.715375
12.482890 0.649615 -9.421951
12.489780 -1.223838 -3.543605
12.496300 -2.699849 4.324799
12.502980 -3.323985 5.072189
12.510190 -3.495345 -1.651039
12.516380 -4.908670 -4.308284
12.523090 -3.828368 -5.089944
12.529940 -5.149787 -5.369788
12.536480 -0.487192 -3.022298
12.543180 5.740362 1.812070
12.550000 11.618208 5.699488
12.558800 13.115046 8.789928
12.569960 8.263731 9.674520
12.576650 0.943912 -1.384802
12.583340 -6.891408 11.840254
12.590060 -7.598716 17.590385
12.596940 -4.595814 18.039374
12.604560 4.372614 14.931038
12.610180 9.652565 6.186496
12.787460 12.266160 -6.192220
12.797980 10.957498 -17.308258
12.810930 10.209146 -25.595903
12.817630 5.732354 -19.484183
12.831090 1.290743 2.521025
12.839820 -0.871138 2.332062
12.844590 -4.917008 8.279609
12.851470 -6.748861 9.976578
12.857980 -5.932126 2.191388
12.864670 -1.645092 -4.285969
12.871560 3.571852 -7.928205
12.878110 7.349863 -5.330820
12.893550 4.813528 1.950881
12.898020 1.711710 4.344560
12.904870 -0.930868 7.302925
12.911680 -1.930926 6.693349
12.918240 1.005464 1.414446
12.924970 0.144749 -2.851066
12.933480 -2.035137 -1.742437
12.938560 -1.840649 -1.047790
12.945060 -0.370107 -0.836575
12.951870 2.903253 0.934858
12.958440 2.050458 5.872028
12.978770 4.570790 2.855412
12.985270 -5.392502 13.228778
12.991930 -17.192466 25.786990
13.000280 -28.801679 36.315406
13.005190 -28.292619 34.975887
13.012030 -18.492327 25.805487
13.018850 -7.435299 11.613302
13.026920 1.521685 -0.051215
13.039030 5.604933 -11.700360
13.045530 6.917526 -14.302591
13.052160 -1.047066 -0.020976
13.059110 -1.166854 5.183783
13.073660 -2.838998 6.372680
13.078980 -3.254869 1.262966
13.085900 -4.496336 -1.734045
13.092400 -2.931425 -1.678010
13.099110 1.727799 0.320646
13.110360 5.465607 3.635639
13.112770 4.477513 5.907395
13.120120 2.535926 5.224012
13.125960 -0.946678 3.770670
13.132600 -4.058289 -3.663830
13.139460 -5.632527 -11.366570
13.146010 -2.749579 -10.455986
13.152760 2.756332 -5.485696
13.159390 6.415432 3.086696
13.173020 5.958018 9.612642
13.181050 4.820086 9.898689
13.186180 2.419092 12.964051
13.192880 -1.379944 11.060057
13.199710 -4.329030 5.920223
13.206280 -8.423974 -3.748102
13.217190 -5.116481 -2.221189
13.223510 -0.737577 -2.147310
13.226220 1.974624 -3.702163
13.233080 -1.565965 -9.890282
13.239830 1.377481 -6.835988
13.253170 6.736478 -3.804103
13.260900 14.952626 -7.074761
13.266780 14.745817 -7.019319
13.273350 12.069343 -4.907357
13.280030 8.911620 4.672674
13.286650 2.542020 6.288798
13.293330 -5.108207 5.940772
13.300020 -9.018801 4.331410
13.307420 -1.665063 10.081903
13.313440 2.102237 5.432205
13.322150 2.738177 0.194051
13.327990 -1.807957 -0.471644
13.333620 0.182041 -1.104194
13.340420 2.477668 -2.311155
13.346970 3.448228 -0.410345
13.354400 -0.263703 -0.779275
13.360340 -4.763784 -1.335605
13.367070 -4.325000 0.986330
13.373800 -3.545436 -3.955763
13.380560 0.331789 -2.819836
13.393800 3.664437 2.636092
13.401760 6.450637 5.198633
13.407210 4.842071 8.180190
13.413860 1.450228 8.484482
13.420620 0.256554 4.510944
13.427500 -2.497111 0.582935
13.435660 -1.236406 -3.305203
13.440560 -0.224168 -7.473803
13.449240 1.357734 -8.012103
13.454080 0.178734 -7.784815
13.461030 -4.163048 -6.567392
13.474200 -4.616430 -4.108326
13.481030 -2.258486 -1.830202
13.496400 -2.451119 -0.448712
13.507910 -1.046024 1.381859
13.514400 5.807968 0.571863
13.521260 7.391978 3.611168
13.527810 6.035324 5.742171
13.534490 2.454623 3.345258
13.552700 -1.618263 1.092267
13.555210 -2.856347 -0.947724
13.561310 -4.138394 -0.607333
13.574760 -1.189024 1.428463
13.581370 0.625033 3.776265
13.589300 1.556814 3.627114
13.601890 1.579115 5.658807
13.608170 4.338459 1.333758
13.614950 3.831680 -2.811295
13.621770 1.785575 -3.167703
13.628300 -0.140451 -4.603033
13.636230 -1.128207 -2.807009
13.641910 -3.511680 0.962373
13.653810 -4.623098 -1.009955
13.656160 -2.466145 -2.504819
13.661710 -3.240856 -5.089086
13.668450 -3.440785 -3.404113
13.675180 -2.663483 -0.171476
13.683000 1.392922 3.047415
13.688600 1.869677 4.596380
13.695550 0.228153 7.285630
13.702110 -1.774601 4.161563
13.708720 -3.329993 -2.678559
13.722250 -2.439705 -4.280537
13.731440 -1.252728 -5.034348
13.740370 0.546207 -2.961580
13.744710 1.158534 -1.380729
13.755850 1.370881 -0.340545
13.764900 -0.191237 -0.474851
13.768770 -0.288359 -1.183074
13.776500 0.700613 -3.038650
13.782330 1.441329 -4.039391
13.789000 3.393741 -3.399307
13.795880 -3.728868 0.755341
13.802410 -1.721396 4.250699
13.809090 0.828800 7.152731
13.815930 6.728067 3.766370
13.827300 7.625577 -0.174113
13.836500 6.674619 -2.327920
13.842700 4.512502 -4.799003
13.862880 3.077931 -1.051487
13.880730 2.596679 5.357340
13.883720 2.268077 9.273357
13.889750 5.927025 10.960441
13.896180 2.919441 9.825257
13.902930 0.902411 5.910458
13.909780 -2.523489 2.662016
13.917090 -1.536881 -1.583802
13.923060 -0.313034 -4.651032
13.929880 2.930042 -7.827840
13.936390 4.950404 -10.073594
13.943090 5.431965 -7.513039
13.949980 3.048024 -0.077846
13.956570 1.326462 2.093339
13.974360 0.810944 1.146686
13.993550 0.496882 0.852694
13.996500 -2.458550 0.314090
14.003360 -6.611221 1.125839
14.011230 -6.860096 -0.569843
14.016730 -7.587275 3.301326
14.023690 -6.395704 1.964179
14.030130 -3.336872 0.925298
14.036810 1.442206 -0.741003
14.050230 3.876232 -0.527631
14.058210 0.260769 0.350623
14.063670 -0.142922 1.415587
14.070600 0.436990 3.383503
14.077220 2.357854 4.423909
14.083720 0.725607 5.648629
14.097080 0.287819 2.732790
14.105400 -0.554146 1.689952
14.110510 -4.209441 -4.151414
14.117300 -6.418953 -8.663992
14.123890 -5.148095 -8.879751
14.130820 0.308760 -3.690722
14.137300 3.619836 3.460964
14.144010 2.914608 5.992935
14.151610 1.754932 -1.960523
14.157410 -0.670846 -2.883747
14.164140 -0.444760 -6.476322
14.177500 5.407376 -7.942852
14.184330 12.544757 -7.072121
14.198940 16.704896 -5.704688
14.204720 13.892933 -4.331427
14.217800 7.958519 -5.388317
14.224370 -0.146492 -12.636479
14.231110 -3.941134 -10.774404
14.237760 -5.015226 -1.320929
14.245370 0.092099 -1.134985
14.251170 5.423026 4.322342
14.258510 5.163265 6.236407
14.264580 3.413111 7.355884
14.271360 0.313217 4.212945
14.278130 -0.154452 0.629127
14.284720 -1.192170 -1.539565
14.292030 -1.692676 1.032113
14.298040 -0.834605 3.455901
14.309200 -0.321157 4.152437
14.312020 -1.118902 5.775154
14.318340 -3.473306 9.159210
14.331610 -2.426207 6.529771
14.339940 -1.547881 -9.742309
14.344940 -2.849124 -29.197985
14.351680 -1.343792 -41.329310
14.358500 0.085546 -41.873936
14.365050 3.305564 -31.624368
14.371820 1.302878 -19.268504
14.378570 -4.031649 -1.886807
14.389310 -5.851653 10.112581
14.393460 -5.444397 8.699613
14.398620 -1.393921 -0.180968
14.413590 2.181021 -1.429054
14.424180 5.048296 1.697706
14.427040 5.104588 3.201254
14.440270 1.948120 2.455204
14.445560 -6.366330 -1.449348
14.452120 -6.386797 -1.513651
14.459180 -2.692469 -0.320509
14.465700 1.209864 1.322037
14.472220 3.347000 3.667132
14.479650 1.604788 7.611665
14.485590 3.603752 7.806467
14.492310 2.160496 3.197527
14.498950 0.147516 -1.432797
14.506000 -2.483663 -4.817658
14.512410 -1.256085 -6.210686
14.519100 -2.164238 -5.748904
14.526620 -1.240067 -6.448136
14.539110 1.858864 -5.941843
14.546000 3.164449 -7.773511
14.552690 2.069376 -8.719682
14.566000 -1.666048 -8.449197
14.572840 -3.112802 -6.454075
14.579680 -3.315954 -3.417340
14.586090 2.365674 -0.081932
14.593160 4.057681 1.257358
14.599870 3.632835 -2.442563
14.606430 0.752941 -0.026301
14.612970 -5.076433 -0.611920
14.626560 -5.273031 6.508205
14.635010 -3.228764 9.644567
14.643590 0.834298 9.433972
14.646760 6.505351 6.666644
14.659950 8.842517 0.855630
14.666990 6.150021 -5.856985
14.673360 5.532302 -8.188224
14.679890 1.212300 -4.371914
14.686520 -0.452972 -5.716495
14.693650 -1.483306 0.353888
14.699950 -2.387296 3.938206
14.706770 -4.813184 4.391968
14.720040 -5.184586 4.038843
14.726920 -4.074054 4.312761
14.733440 -3.178697 2.097129
14.742100 -2.171399 -3.043583
14.748480 -2.725879 -8.780849
14.753540 0.357046 -13.705680
14.760260 -1.375465 -10.544047
14.767140 -3.111393 -7.848210
14.773630 -5.320127 -5.943718
14.780360 -4.242093 2.016467
14.787200 -3.283964 6.932559
14.793830 -2.077831 7.713146
14.800420 0.891177 7.539864
14.811190 2.692396 7.556857
14.815430 3.604493 7.192995
14.820720 1.979546 7.494060
14.835550 1.687031 6.530621
14.840730 2.480747 4.513903
14.847420 2.911818 4.959565
14.866820 0.755047 0.642319
14.869070 -2.668311 -4.851229
14.874200 -4.581718 -8.826039
14.881020 -5.427135 -12.780924
14.887570 -2.411544 -11.275657
14.894390 -0.007781 -6.177564
14.907580 2.199004 0.399588
14.914530 1.858925 7.878187
14.920980 2.265198 12.327045
14.927710 -0.682542 8.589654
14.934580 -2.416350 6.428603
14.941080 -1.487212 0.519104
14.954690 -1.766982 -5.341363
14.961470 -3.727300 -7.173578
14.967730 -3.014583 -7.649212
14.981450 -0.460547 -7.081592
14.988000 3.420127 -4.546199
14.994930 6.225350 -3.839020
15.001360 2.478195 -2.841959
15.008120 -2.593157 -1.748779
15.014990 -4.514972 -1.459580
15.021550 -4.519455 0.695922
15.028150 -0.635576 2.595261
15.035120 6.359270 3.468857
15.048330 5.588035 3.392014
15.055160 3.294748 3.853285
15.061640 -2.687162 2.596085
15.073380 -6.141696 4.544166
15.081700 -4.767271 3.767241
15.088470 1.431145 1.208918
15.095250 5.870661 0.874303
15.101730 7.296226 -0.229069
15.108530 5.516652 -0.471377
15.115050 1.274563 -1.300675
15.122100 -2.745123 -3.275330
15.128630 -7.080610 -4.338578
15.135400 -7.958373 -5.433049
15.142290 -7.432518 -8.451943
15.148710 -4.436722 -7.459869
15.155420 -0.633048 -3.025199
15.162320 1.976072 -0.703916
15.168850 4.525902 3.307062
15.186030 4.121469 5.643716
15.188750 1.005694 6.712498
15.195710 0.432270 7.120929
15.202450 0.896424 4.276064
15.208840 2.302697 1.995928
15.215710 2.584453 -1.963637
15.222590 3.036686 -3.899354
15.229100 2.137289 -6.064838
15.235850 -5.927769 -8.122814
15.249210 -11.155043 -20.100132
15.255970 -13.086143 -31.427426
15.262790 -12.434413 -38.583953
15.269320 -7.059685 -36.273856
15.282670 0.126724 -24.430533
15.289360 6.293954 -8.709085
15.296030 9.906422 5.820063
15.303360 7.492655 13.189119
15.309500 2.546552 12.526087
15.329560 2.159361 9.208097
15.336440 -1.188204 6.238006
15.342990 -3.325138 0.433027
15.349730 -2.182206 -3.368298
15.363060 -1.984868 -11.283004
15.376470 -1.837590 -10.650622
15.383230 -2.357861 -5.180834
15.389840 -2.869604 5.378658
15.401050 -3.556223 14.275464
15.403670 -3.137794 19.275876
15.410160 -2.288723 13.581102
15.417020 -2.307203 6.226566
15.423380 -1.795026 -2.578035
15.436730 -1.377547 -11.950247
15.443490 -2.541618 -9.146657
15.450300 -3.723283 -7.061044
15.463600 -5.391346 -2.172238
15.470430 -4.442370 0.646504
15.483630 -2.836451 -0.889268
15.490580 0.496707 -0.370755
15.497030 2.753416 0.530718
15.503750 6.508337 0.697974
15.524650 9.431217 1.491253
15.527280 7.274624 5.719732
15.530390 6.139615 4.393800
15.543910 7.833212 0.749977
15.552140 3.127879 -17.787910
15.563990 0.810642 -24.001138
15.570910 -3.597962 15.579698
15.584210 -7.934350 76.901577
15.590800 -6.559666 82.301324
15.604270 -3.188710 51.284437
15.610880 -0.621859 1.044134
15.781720 5.750958 -51.222028
15.795580 8.940180 -87.259261
15.798650 5.355144 -94.365944
15.805120 4.363836 -51.603900
15.811870 -1.419176 2.296484
15.818520 -3.856959 22.003030
15.825220 -6.203745 0.424990
15.839650 -9.448041 -0.679271
15.841990 -8.531523 3.226634
15.845160 -7.072725 8.960592
15.852090 -1.828348 9.567235
15.858730 2.271095 6.146414
15.865580 8.074749 6.145942
15.872190 9.562861 6.708679
15.885630 6.072919 9.480154
15.892270 1.465520 5.072502
15.905780 -2.324251 4.184715
15.912260 -4.585055 5.378331
15.919210 -6.095155 0.979969
15.927840 -3.610157 -4.670419
15.940830 -1.965804 -5.136668
15.945760 1.357911 -3.228294
15.953440 0.481429 -0.024725
15.966070 2.611412 2.320053
15.973300 4.113551 4.232527
15.979400 3.523369 4.755729
15.986120 3.451539 1.444673
15.992770 -1.665451 -6.998309
16.006020 -7.437889 -7.244287
16.012900 -8.934853 -0.338767
16.020320 -10.437216 3.831254
16.026240 -11.544254 5.264467
16.033070 -10.075946 3.152345
16.039590 -8.330492 -3.291165
16.046260 -3.554826 -11.213108
16.053440 2.661784 -15.062490
16.059840 2.543382 -13.726336
16.067170 4.364837 -3.666964
16.073250 4.288009 1.686455
16.079820 1.782233 1.260387
16.086620 -2.688891 1.200391
16.093140 -3.142247 0.502019
16.099880 -0.783810 -2.552280
16.106690 2.452992 -4.034059
16.115010 2.764175 -4.741159
16.126860 -0.013827 -4.081871
16.133340 -2.166070 -3.623136
16.140070 -3.159694 0.773756
16.146860 -2.886558 4.247481
16.153470 -0.986257 6.482797
16.184650 2.379035 8.825727
16.190430 3.010964 9.569886
16.196440 2.564240 8.066973
16.200260 0.322861 6.577895
16.211260 -0.403841 2.932545
16.213960 -1.665469 0.164507
16.227180 -2.399677 -1.452437
16.233870 -3.204366 -2.449646
16.247250 -2.790628 -1.807020
16.254360 -2.553330 0.323620
16.260810 -1.103843 0.477728
16.267310 2.167652 -0.695087
16.277030 8.013228 -1.968057
16.280660 7.556029 -0.944924
16.287560 2.055780 4.425456
16.294080 -3.702790 4.881667
16.307760 -7.301738 7.916492
16.316020 -10.338122 10.104269
16.321000 -8.258572 6.455017
16.327760 -0.831367 0.810378
16.334410 7.842179 -4.222133
16.341040 11.159249 -8.509173
16.348410 11.935155 -5.753265
16.354670 7.423914 -4.922055
16.361140 -0.039934 -5.904223
16.367870 -8.097285 -3.487108
16.374680 -12.082310 -4.606137
16.391230 -8.691538 -5.968535
16.398920 -3.288888 -1.310510
16.401320 3.093506 3.902288
16.408030 8.212302 8.872269
16.421380 11.073774 13.877527
16.428050 6.463662 12.270949
16.434920 4.374751 8.702551
16.443440 2.092025 4.839400
16.448160 1.242344 2.007366
16.455080 -0.580777 2.600942
16.468290 -1.771141 2.726443
16.475060 -3.076616 4.390928
16.512760 -4.918988 2.427857
16.517020 -6.155911 -0.228714
16.521870 -6.257121 -6.572537
16.528710 -4.501398 -12.666213
16.537100 -3.794452 -19.630088
16.541920 1.424742 -18.483118
16.548810 6.995682 -7.613662
16.555300 9.234855 2.767414
16.562140 7.686970 11.757554
16.568710 5.100772 11.602963
16.582690 2.635403 10.459286
16.588720 2.767084 7.921697
16.595540 -1.978071 0.743203
16.608750 -2.976247 -3.839808
16.615620 1.600394 -1.711059
16.622420 3.014617 0.576172
16.630450 -1.289387 0.223683
16.636090 -2.049700 0.911018
16.642400 -0.017088 1.405429
16.649260 4.545335 3.674877
16.655790 2.504040 4.394070
16.669230 -2.464475 -2.056355
16.677360 0.614587 -3.303137
16.682610 0.455430 -2.516972
16.689450 -1.925105 -2.415131
16.696000 -7.944098 -1.296335
16.712430 -4.968691 -3.076971
16.715910 -1.345912 -4.348176
16.729460 2.008761 -3.767751
16.736160 1.111036 -0.038154
16.749540 4.011032 2.667804
16.756260 4.048923 10.246059
16.769670 2.385810 13.797216
16.776340 0.803163 10.720159
16.783050 0.566577 9.436855
16.789750 1.942525 2.177026
16.796620 1.073135 0.081302
16.803120 -1.315790 1.936260
16.809820 -2.213854 0.851644
16.831450 -5.280793 -6.371639
16.836620 -1.658269 -8.699062
16.843540 1.882050 -11.474915
16.850040 1.694691 -8.738045
16.856720 4.337736 -3.856937
16.871710 0.960541 -0.406005
16.877480 0.793025 3.872541
16.890230 -0.939358 5.246304
16.897090 0.191712 5.854284
16.912530 -2.621321 8.126227
16.925820 1.232569 14.782343
16.931780 -4.066070 9.989259
16.937010 -0.004226 7.522752
16.950500 0.099407 -1.725637
16.959410 0.475174 -6.154513
16.970560 -0.432688 -9.927170
16.977460 0.170892 -10.959217
16.990720 -0.255362 -7.727395
16.997580 -2.803109 -2.951004
17.011220 0.108161 2.783450
17.017610 -2.613023 4.400172
17.031010 0.922554 8.728737
17.039320 2.200499 8.137452
17.071210 2.251355 5.713123
17.077940 -1.660182 -4.315467
17.091140 0.924356 -12.480144
17.099170 -1.794599 -12.703728
17.111600 -3.289728 -8.557809
17.118010 -1.834127 -2.820631
17.124650 0.773360 4.467904
17.131530 5.131173 10.374233
17.138030 2.114166 8.432840
17.160380 -4.122092 5.955989
17.164930 -2.379024 4.245176
17.171480 -1.313205 3.389604
17.185120 -0.570165 4.903287
17.192980 1.138840 3.121655
17.198320 4.976492 -0.660447
17.205540 2.590546 -4.380345
17.211700 -2.130408 -8.475115
17.218540 -2.869078 -12.227769
17.225110 -3.883798 -3.545525
17.231850 -3.284626 -0.016157
17.239720 -0.771862 -5.601432
17.245440 0.750386 6.858296
17.253810 -19.542873 32.686196
17.259240 1.219580 40.128782
17.272000 57.252435 34.709286
17.278710 70.906843 9.899949
17.286330 53.633196 -15.789221
17.454260 17.561760 -31.391663
17.478960 -19.645068 -45.657170
17.492860 -53.652543 -40.366776
17.499680 -70.031926 -12.696633
17.506440 -55.033430 0.126177
17.513000 2.458826 -5.679448
17.520810 20.579618 -1.937996
17.533170 3.685792 -4.018603
17.539780 3.668513 -4.096666
17.546620 -1.244849 -7.832330
17.553390 -5.790511 -12.267586
17.560010 -8.645691 -10.507951
17.575520 -6.675952 -5.338833
17.595750 -2.187704 1.255625
17.597960 4.132711 9.182031
17.600380 10.680333 11.588828
17.614330 11.255674 5.567750
17.620150 0.503192 -1.582048
17.626990 -4.270400 -1.788442
17.633530 -5.454431 1.048642
17.640240 -5.152066 5.674114
17.646930 -0.622824 10.084353
17.653730 2.030454 8.542847
17.661360 5.264810 6.803645
17.667180 3.832019 1.569350
17.673960 -1.661525 -2.230092
17.687490 -4.900161 -1.200692
17.695490 -1.694605 2.483360
17.700620 -0.594034 0.881430
17.708190 0.051223 -3.420849
17.714070 0.322966 -8.410794
17.720730 -2.316918 -11.422091
17.734180 -0.281943 -8.690219
17.740870 -0.008353 -5.915447
17.747750 1.584447 -1.542241
17.755080 2.539470 3.300963
17.761010 3.956818 -0.196970
17.767840 3.212615 -0.596488
17.774370 3.347584 2.859566
17.781100 4.592340 6.180292
17.794440 2.250457 8.016178
17.805230 4.540810 8.647494
17.808050 3.651607 6.527779
17.814780 2.422129 2.381021
17.821180 -1.290036 -1.506999
17.834640 -3.628241 -2.507779
17.841300 -4.998215 1.938774
17.849320 -6.455728 3.881000
17.854930 -6.324856 3.229770
17.861540 -4.145060 0.973413
17.868160 3.474287 -2.573425
17.875010 6.426232 -7.441608
17.881540 10.196951 -9.925183
17.896200 9.141296 -10.870714
17.901650 7.529484 -8.370035
17.912950 2.085404 -2.769821
17.916010 -3.110963 2.679667
17.921780 -7.320114 5.921841
17.935320 -9.890284 8.121305
17.942290 -9.962961 7.894151
17.948890 -7.736234 6.251107
17.955210 -3.458070 3.221900
17.962080 -1.138076 0.342580
17.975410 0.534634 0.718210
17.982230 1.495136 -1.870927
17.989350 2.453497 -6.344970
17.995680 1.670107 -5.822374
18.002020 -0.361848 -3.345820
18.017620 1.199179 -0.656228
18.024140 3.444837 1.555578
18.036110 5.628962 2.695093
18.042350 7.631484 2.505379
18.062520 8.545618 -0.665283
18.075970 7.287127 -3.831281
18.089200 5.103166 -0.114572
18.095710 0.931727 4.929688
18.102750 -1.386686 7.003617
18.115960 -4.437184 6.746169
18.122830 -5.187042 4.735343
18.136240 -5.002115 1.542269
18.142950 -4.221678 -1.802094
18.156300 -2.540660 -1.503957
18.162920 0.212305 -0.365109
18.184560 5.090774 0.835169
18.189870 3.799749 -2.575394
18.196720 2.197018 -4.916881
18.203860 -4.719007 -4.639541
18.209970 -6.742554 -6.470522
18.216540 -10.718989 -10.370081
18.230060 -9.650882 -9.927756
18.238510 -4.176285 -6.656936
18.247250 4.457394 -4.094657
18.250260 6.342407 1.309126
18.256770 2.355230 6.003411
18.263310 -2.114100 10.189493
18.270020 -6.527522 12.837570
18.276900 -4.129638 12.143067
18.283410 -1.845587 11.531267
18.290170 2.072590 8.744516
18.297200 3.846149 0.602081
18.310390 4.152687 -6.096525
18.318060 0.682112 -10.114758
18.328080 -0.263243 -11.947881
18.332240 0.973633 -9.326786
18.337200 2.212834 -1.373241
18.345140 1.735807 5.538246
18.354780 -0.756577 7.984624
18.357430 -0.896139 7.741599
18.370740 -3.608462 8.360196
18.377180 -1.910814 8.567083
18.383920 -1.807727 6.572288
18.390840 -1.063548 4.633299
18.397280 0.521667 -0.032325
18.404160 -2.766862 -12.000897
18.417360 -1.290210 3.541292
18.424280 2.349614 46.780411
18.430840 4.219223 54.226465
18.437510 4.047308 38.503092
18.444390 3.837318 4.730506
18.450870 1.283471 -31.202309
18.645610 0.141605 -60.221897
18.651930 -0.149969 -68.852097
18.658490 -0.137876 -48.529883
18.665210 4.693195 -3.016486
18.673370 7.337753 15.915298
18.678810 5.179643 0.336005
18.685430 0.385599 0.159397
18.698840 -4.580594 -0.776359
18.705230 -3.833057 2.950733
18.718770 -3.423810 2.498756
18.725720 -2.044740 0.528148
18.739000 -0.481414 -2.401586
18.745570 1.944759 -3.990499
18.759160 -1.462852 -3.868885
18.765660 -4.819751 -2.951559
18.779250 -3.655649 -0.212461
18.792320 0.832959 2.517489
18.799240 6.616136 0.872588
18.805860 6.571877 -1.486630
18.819340 4.565217 -1.047105
18.825940 -0.610752 1.645088
18.832640 -3.276538 2.170890
18.839470 -3.556970 1.942666
18.846040 0.327863 -1.520065
18.852750 2.453174 -4.550831
18.859660 3.172419 -8.545821
18.866140 0.273506 -5.912361
18.879640 -2.614521 2.034438
18.886240 -1.811535 8.455994
18.895400 -0.180062 13.445193
18.899560 4.138595 13.327858
18.906520 4.037481 10.621263
18.913110 1.070676 4.063262
18.919800 -2.689285 -1.726098
18.933200 -4.261901 -5.485331
18.939820 -3.820017 -6.873105
18.946810 -0.184494 -5.861996
18.953300 -0.068242 -2.339557
18.959950 -0.503392 1.860494
18.966870 0.176431 4.109189
18.980180 -0.947618 4.855750
18.986700 -1.902564 2.948235
19.004480 -1.880750 -0.394823
19.013580 -1.377000 -3.706948
19.020210 -2.912270 -4.225282
19.027080 -5.004789 -2.241099
19.040360 -7.385371 0.296108
19.047210 -4.017702 1.761400
19.060480 -0.646235 1.866667
19.071150 1.920644 1.340187
19.080690 3.407200 0.655723
19.087380 1.598497 1.325942
19.100690 0.548512 3.170681
19.123280 -0.389795 1.795644
19.132720 -1.813155 -0.676076
19.135160 0.128150 -2.548721
19.141040 3.931835 -4.783526
19.147450 5.099420 -3.725639
19.155300 4.266877 -0.685862
19.161050 1.110576 0.224069
19.167570 -0.987647 -0.391466
19.174360 -1.085711 -3.814136
19.180980 -2.772949 -12.199975
19.187650 -2.219020 -11.831420
19.203630 0.741789 -1.996404
19.209070 2.339797 14.219890
19.214440 2.756717 22.982418
19.224400 1.617523 22.701027
19.227720 0.240644 16.229298
19.234710 -0.718571 6.719614
19.241240 -2.157118 -4.035103
19.248840 -2.570014 -11.400148
19.261360 -2.012883 -7.602886
19.268070 -1.117848 -3.168338
19.274810 -0.224795 -1.296861
19.281450 0.341389 -4.855321
19.288130 1.242987 -5.025567
19.301740 1.381855 -4.081759
19.308250 1.433075 -5.190618
19.321900 1.397060 -6.313000
19.331760 1.327464 -6.722525
19.338490 0.251798 -6.447059
19.344010 0.481558 -4.988288
19.348590 0.742088 -3.817315
19.355120 0.674864 -3.220434
19.361870 0.541707 -0.824918
19.375300 -0.107560 1.423660
19.381900 -0.542161 3.427293
19.389070 -2.435304 6.261737
19.395290 -3.175909 6.943097
19.402020 -2.760119 6.381061
19.408840 -0.744398 5.223568
19.422510 0.462428 2.615800
19.429400 0.646938 0.947261
19.455410 2.561905 0.389305
19.458300 2.585913 0.575626
19.462120 2.175487 0.506543
19.475680 0.077272 -1.231524
19.483250 -2.459368 -3.665786
19.489250 -2.845249 -5.613713
19.495770 -1.343020 -7.282751
19.502470 -0.573317 -5.805981
19.509270 2.702289 -3.338278
19.530770 7.333591 0.097029
19.536120 8.053637 2.111141
19.542670 7.112453 1.822227
19.552000 3.054435 3.257511
19.562880 -0.829436 4.779998
19.565420 -1.626742 5.221491
19.580350 -4.063000 4.299507
19.582790 -5.793559 2.276655
19.589600 -4.243230 -3.278977
19.596420 -3.620680 -3.922085
19.602930 -3.571519 -1.638403
19.609700 -3.981338 3.139745
19.616440 -2.921813 7.947365
19.623900 -0.252478 11.282146
19.629720 2.514761 12.676735
19.636630 3.525655 10.751774
19.643120 3.698390 7.635035
19.649890 2.686434 4.614222
19.663510 0.975964 5.770041
19.670710 -0.806820 2.296039
19.676800 -1.812941 -3.341413
19.683550 1.083921 -10.286305
19.690080 0.866401 -14.998848
19.703240 -0.775266 -17.887690
19.710130 -2.040901 -16.336720
19.723500 -2.622520 -10.656263
19.730260 0.763549 -1.473231
19.743660 -1.516601 4.424776
19.750300 -4.463130 6.424274
19.757150 -6.800008 6.735700
19.785480 -6.935153 3.959689
19.791230 -7.575391 1.119708
19.795060 -4.637066 -0.683528
19.797630 -0.216232 -2.036175
19.803930 3.405765 -4.052618
19.810820 4.324652 -8.184719
19.817340 0.061293 -9.236379
19.824140 0.044033 -2.074530
19.830660 1.223968 0.252932
19.837350 1.156820 -0.124755
19.844110 -1.649330 -1.496383
19.850910 -2.792489 -3.723686
19.871070 6.229212 -9.122644
19.884190 -1.191906 -1.373580
19.891190 -12.075992 13.432526
19.904970 -20.527527 32.185951
19.911030 -25.042409 35.260565
19.924660 -22.706967 29.258201
19.931140 -16.894014 20.754703
19.944510 -5.454658 10.628575
19.952700 6.536394 1.010202
19.964800 10.853645 -4.705298
19.971330 0.110085 0.829338
19.977920 -0.236189 -3.797156
19.984640 -1.094044 -9.930053
19.991380 -0.870590 -14.684235
20.000310 0.337136 -9.873240
20.004820 1.607144 -6.099074
20.011580 0.510409 -2.354665
20.024910 -1.700713 -0.527610
20.031610 -2.344830 0.732672
20.038500 -4.288352 2.876936
20.046850 -6.900765 1.580585
20.051670 -5.869075 3.223737
20.058530 -3.704135 3.943760
20.065090 -0.466361 2.843399
20.071770 3.217733 0.625037
20.085200 3.562703 -1.237315
20.099590 3.850778 -3.422798
20.105230 3.040135 -2.915347
20.112050 -2.194214 -0.801971
20.125410 -0.882951 1.017460
20.132080 6.270386 5.602077
20.145560 9.424161 7.455705
20.152240 8.746205 8.072486
20.165600 7.645672 4.726237
20.172270 4.672663 -2.270454
20.194850 1.935257 -8.662413
20.207830 0.089579 -12.472216
20.211920 -0.309534 -14.488912
20.214530 3.833699 -11.967458
20.218970 3.285538 -6.925079
20.225890 -1.048970 -3.350944
20.235620 -2.405417 0.356262
20.239290 -0.671548 2.543681
20.246130 -1.287330 1.942863
20.252630 -0.421139 3.627939
20.259400 1.396208 3.959280
20.272770 1.924729 8.853475
20.281070 1.334926 12.583131
20.286120 0.019409 6.785613
20.293020 -1.392741 0.761478
20.306280 -2.246271 -6.192390
20.316110 -3.411387 -6.195352
20.327810 -2.952080 -2.997362
20.333100 0.032475 5.704763
20.339720 1.623249 12.169977
20.346450 0.299352 15.639746
20.353170 -3.896932 9.542353
20.359950 -3.397495 1.223610
20.366590 -0.692706 -1.438805
20.375260 5.275876 -3.771567
20.379910 4.709580 -0.852226
20.386850 4.609183 -1.271137
20.393310 0.618337 -1.333239
20.400200 0.017119 -2.586282
20.413470 -0.565731 -2.647341
20.439710 1.571926 -2.320548
20.443910 5.107606 0.255850
20.447450 7.301875 2.488908
20.453610 9.600135 4.127923
20.460300 4.230680 5.625856
20.466980 1.010524 5.720021
20.473900 -3.646102 5.308345
20.480660 -4.118222 3.729340
20.487250 -8.419572 1.596538
20.493800 -8.873046 -1.401067
20.500540 -6.857041 -5.765011
20.507290 -0.222587 -4.899431
20.527370 2.317552 -6.067382
20.544660 0.993150 -4.915173
20.547200 0.608043 -3.820469
20.554270 1.375312 0.168790
20.567700 2.833052 2.901756
20.574560 2.557543 4.981884
20.580850 0.115258 6.580152
20.587720 5.707670 2.225698
20.594300 13.743799 -2.175100
20.600940 19.329635 -10.802380
20.607910 24.550712 -16.760066
20.614340 27.317836 -20.883501
20.621010 43.888119 -16.323961
20.627940 11.794637 -17.159074
20.634490 -38.659789 -17.364450
20.643680 -81.938621 -18.668891
20.647830 -101.677819 -20.259092
