0.000000 64.814345 41.261108
0.009330 52.391465 31.279295
0.025610 29.340749 13.753646
0.041980 5.511287 -2.884176
0.058320 -9.342106 -14.094996
0.074570 0.543953 -4.840481
0.091070 -2.313629 -2.096663
0.107690 -4.008592 1.330563
0.123940 -4.667518 2.131771
0.157330 -3.221220 -0.629310
0.173710 -1.651485 -3.403455
0.206460 0.422541 -3.498410
0.222850 1.843734 -1.423739
0.239190 1.066573 -0.736402
0.255660 0.864074 0.387870
0.272040 1.973333 -0.854089
0.288790 1.229366 -0.794144
0.305270 -0.265007 -1.743627
0.326130 -2.122734 -1.745764
0.354210 -2.155388 -1.254203
0.370710 -6.816754 2.334590
0.387400 0.100612 0.976665
0.403900 13.282152 -2.637127
0.420270 24.876875 -5.132579
0.437240 31.286204 -6.311636
0.452810 30.787297 -7.034278
0.469370 23.807086 -6.202120
0.485870 12.799415 -4.083661
0.502250 2.004463 -1.884035
0.518900 -4.847111 -0.527366
0.535180 2.108914 -2.029210
0.551410 1.389195 -1.235032
0.567970 -1.010382 -1.184309
0.584350 -3.154392 -1.044497
0.600860 -5.872538 -0.028921
0.617160 -8.276471 1.071192
0.633860 -7.440277 2.843390
0.657750 -5.218713 3.791795
0.672780 -2.875497 3.596893
0.682830 0.242827 4.342045
0.699210 0.794337 3.933261
0.715710 1.882480 2.596387
0.732080 2.712487 2.668447
0.748690 1.863585 1.129562
0.766630 1.180092 -0.370000
0.781470 1.485143 -1.734219
0.797960 -0.753991 -3.778222
0.814300 -1.361228 -3.905327
0.830860 -1.231205 -3.137011
0.847260 -0.401170 -2.243144
0.871600 0.939701 -0.875224
0.896100 2.352916 0.445689
0.912790 2.508853 -0.852965
0.945800 2.672917 -1.174598
0.962070 0.565471 -1.991580
0.983110 -0.575801 -2.717986
0.995070 0.175177 -0.190716
1.011280 0.716876 -1.031993
1.044490 2.832993 -3.623234
1.062810 3.695743 -7.105181
1.077220 4.098919 -9.170929
1.093520 3.274614 -9.591482
1.110090 -0.076057 -7.139839
1.126460 -0.457902 -4.697873
1.143040 1.659057 -1.062027
1.159280 3.097105 1.540764
1.175980 4.594143 1.410913
1.200990 3.502021 0.069692
1.208540 0.129838 -1.283950
1.224910 -2.535759 -3.868077
1.241280 -5.501841 -5.741491
1.257780 -6.716604 -6.339102
1.274160 -4.458788 -4.971164
1.296950 -3.347146 -1.942981
1.311590 -2.341690 0.775110
1.323400 3.407869 1.310807
1.339900 0.279399 1.296255
1.356280 4.594130 2.686520
1.372960 -9.492927 3.632960
1.389270 -32.946616 4.065058
1.405830 -52.307169 3.391995
1.424260 -60.614521 2.225106
1.438560 -55.695328 -0.635462
1.455030 -38.945322 -3.070503
1.471430 -16.542870 -4.302179
1.495410 -1.383833 -2.626907
1.505060 10.562874 -1.682598
1.528990 2.055357 0.233286
1.537170 1.164544 2.723365
1.553410 1.325908 4.576105
1.569900 1.251639 3.859318
1.586340 0.812927 1.970284
1.602780 0.009714 -1.254837
1.635460 -1.041330 -4.595632
1.652030 -1.436174 -7.101556
1.668290 -2.084276 -7.163963
1.684910 -2.087369 -3.129498
1.701270 -1.016116 2.461062
1.717780 -1.183305 5.293642
1.734150 -0.899671 6.040415
1.751810 0.029826 3.643344
1.766840 0.061378 -2.148981
1.786750 -0.023500 2.971481
1.800080 0.247711 9.681083
1.816450 -0.821395 22.091731
1.832750 -0.981377 32.618644
1.854350 -0.519659 35.605342
1.865840 -1.626571 30.148000
1.881990 -1.456281 18.976424
1.898590 -1.918833 5.532890
1.915080 -2.467040 -1.450594
1.931420 -1.978151 -1.990080
1.947950 -2.299869 -5.499997
1.964250 -0.953005 -2.063566
1.980830 2.452209 -1.625731
1.997200 5.187005 -1.798172
2.013460 4.677958 -2.191547
2.030080 3.933067 -2.364271
2.046460 2.800786 -2.025958
2.062950 0.792033 0.441123
2.079130 -1.690594 1.073943
2.095640 -3.097536 1.831804
2.111830 -2.881397 2.946187
2.128760 -2.342421 1.409795
2.144910 -5.312223 -0.896106
2.161280 -7.433118 -1.452440
2.179940 7.312762 -0.101348
2.194160 22.115449 2.674423
2.210670 39.472725 4.733023
2.227010 52.972107 4.264776
2.243400 55.818255 3.120012
2.260100 47.876654 1.779969
2.276280 33.062529 -1.420586
2.292720 16.013452 -3.631101
2.309150 7.865458 -3.671351
2.325660 5.598230 -2.986744
2.342030 -1.459834 -2.587487
2.358410 -1.286357 -1.523793
2.375280 -2.923535 -0.410161
2.391670 -2.507543 0.126899
2.408230 -2.533981 0.129917
2.423960 -2.068886 -0.219774
2.440470 -1.927461 0.201710
2.457020 -1.679345 1.110335
2.473410 -1.802632 1.823473
2.490030 -0.985968 2.045441
2.511850 0.251254 1.520313
2.522760 1.580485 -0.179091
2.539280 2.108970 2.336854
2.555660 0.638395 -3.632071
2.572040 0.479511 -8.371780
2.588610 0.923490 -18.477514
2.621230 1.856359 -29.054663
2.637790 2.377904 -35.678737
2.654130 3.040138 -34.163474
2.670530 1.621928 -25.547697
2.687030 -0.823983 -12.882575
2.703610 -2.698701 -0.553830
2.730360 -5.897330 2.671208
2.736860 -7.069910 7.058132
2.752960 -3.504716 3.194517
2.769030 -1.234338 1.910065
2.785460 1.468602 2.122810
2.818560 3.556616 2.873514
2.839220 2.436476 2.900663
2.867780 1.936763 3.017689
2.884160 0.352724 1.079512
2.900530 -1.284391 -2.388028
2.917030 2.562115 -3.539961
2.933600 5.549490 -4.076729
2.966280 -6.518726 -4.041495
2.982780 -15.266113 -3.305188
2.999370 -33.765683 -1.888594
3.015680 -49.177216 -1.924383
3.032350 -53.907619 -3.067550
3.057850 -48.082190 -4.327803
3.064840 -31.597974 -3.355588
3.081070 -12.097007 -2.170336
3.097770 -0.023515 -1.510221
3.114490 3.807532 -0.592994
3.130850 7.900319 0.737288
3.146980 -0.324826 0.917356
3.163930 -2.141018 -0.857849
3.179540 -4.083490 -0.400404
3.212530 -4.943993 0.810996
3.228900 -5.219950 1.236395
3.245280 -6.835096 1.027835
3.261640 1.011602 4.621237
3.278160 1.410284 6.153546
3.294660 18.715230 10.673607
3.311030 40.883620 16.281264
3.327570 56.947348 19.955538
3.344460 63.453872 20.918967
3.362790 56.768827 17.277877
3.385850 40.601185 10.884477
3.393620 20.297193 5.413846
3.409920 4.029537 1.063340
3.426300 -9.456885 -3.781732
3.442800 -2.652587 -1.020578
3.459170 -3.802689 0.296714
3.475870 -4.709562 0.346679
3.497270 -2.760460 0.982788
3.508440 -1.728728 0.655365
3.524940 -0.052606 -0.512402
3.541310 -0.470344 -1.262340
3.557620 -0.030958 -1.128973
3.574490 6.735282 0.872823
3.590860 5.562174 2.221849
3.607130 -10.638112 1.426364
3.623640 -26.331751 0.769132
3.639880 -43.586715 0.053047
3.658510 -54.460500 -2.551129
3.672880 -54.629585 -4.547246
3.689250 -43.583598 -4.840235
3.713340 -23.614478 -3.962470
3.722290 -3.949816 -3.289943
3.738380 -0.050562 -2.231759
3.754880 0.468512 0.245239
3.771620 3.311268 2.318973
3.788120 -1.333834 3.142959
3.804470 -2.628974 3.750103
3.825270 -1.713170 3.203300
3.837020 -0.426231 1.924625
3.853390 0.301871 0.575998
3.869890 0.735256 -1.249138
3.903120 0.647241 -2.711373
3.919470 1.470179 -3.509067
3.935740 4.192140 -4.912098
3.951810 2.239544 -8.146045
3.968260 0.210273 2.322256
3.985510 -2.224701 16.966487
4.001620 -5.817336 30.966944
4.017790 -7.751503 37.049755
4.050670 -5.410550 34.911106
4.067160 0.161015 26.640153
4.085630 2.891812 12.314173
4.100240 3.581984 -1.284730
4.116570 -0.438451 -6.427607
4.133120 -1.223905 -1.039474
4.149330 -1.667908 -0.480382
4.165520 -0.916727 -0.379251
4.182210 2.008420 1.109352
4.198390 3.846262 2.413516
4.214880 1.409377 0.552225
4.231270 -1.990929 -0.989668
4.247760 -2.377774 -0.090241
4.264970 -1.632923 1.428500
4.280440 0.525955 2.104885
4.297010 1.434530 2.480662
4.313510 1.134012 2.602722
4.330050 -5.054936 0.072166
4.346580 -2.026711 -3.859359
4.368700 -1.620236 -4.625001
4.379080 17.737463 -4.380992
4.395520 39.602946 -3.530452
4.412020 54.559263 -2.145326
4.428400 58.519622 -1.341179
4.444900 50.121946 -0.078735
4.461270 32.573466 1.989633
4.478210 14.898738 -1.026559
4.493970 4.308946 -0.651632
4.510540 -5.656252 -0.332255
4.527190 0.313722 1.052471
4.543620 -2.915007 1.946619
4.560270 -5.294566 1.771451
4.591540 -5.855678 1.605526
4.595640 -5.968939 2.203438
4.609170 -4.189995 0.210208
4.644290 -1.389438 -2.554809
4.658740 -1.482272 0.228137
4.675030 -0.088777 2.714998
4.700080 1.816060 -3.004848
4.707640 4.848322 -9.679915
4.724130 5.925016 -18.099694
4.740510 4.177451 -25.866986
4.757010 0.814752 -29.062603
4.773390 -1.736201 -28.809422
4.789890 -3.587762 -19.976752
4.806210 -3.630652 -7.795707
4.822630 -0.720807 -0.114329
4.839130 2.229084 1.101977
4.855510 3.316455 2.713161
4.874140 2.257609 -1.282929
4.888730 0.276153 -2.581820
4.913840 -0.773649 -2.792962
4.921200 -0.727854 -2.588860
4.937620 -0.695465 -0.269128
4.954120 -0.626454 1.116648
4.987120 0.279689 0.324989
5.003550 1.232214 1.248296
5.021810 -2.666643 1.804062
5.036420 0.934893 1.975867
5.052800 -10.956818 0.654613
5.087780 -30.354769 0.729740
5.102330 -47.229171 0.787064
5.118700 -55.259477 1.805789
5.135000 -51.193914 4.704880
5.151610 -38.883372 4.131217
5.167610 -21.738669 3.397492
5.183990 -5.486386 0.432308
5.200930 6.685272 -0.615162
5.234900 0.475379 -1.328893
5.249870 0.333814 -1.314155
5.266240 1.965859 -0.412367
5.282620 2.313118 0.947031
5.299290 1.246819 0.773685
5.315840 -0.250675 -0.666217
5.332120 0.149797 0.382105
5.351070 0.027239 1.721231
5.364870 1.030751 2.265779
5.381240 2.800670 -0.170993
5.397950 2.478070 -1.595169
5.414450 2.096358 -2.114046
5.430660 1.249669 -3.328328
5.447320 1.218999 -2.927819
5.480060 0.986215 -1.692566
5.496240 -0.663734 -1.220714
5.512790 -1.657050 -0.720009
5.529990 -1.131658 -1.010724
5.545800 -1.784402 -1.090246
5.578500 -2.505459 -0.744330
5.595220 -1.242266 -1.000921
5.611600 -0.447956 -0.167958
5.627980 -0.461701 0.516188
5.644430 -0.862429 0.653095
5.679690 -0.646929 1.563060
5.693630 0.981481 1.263448
5.726600 2.897794 1.733741
5.742960 1.141578 0.770792
5.759520 -0.652513 -0.501127
5.775820 -2.649996 -1.080756
5.792110 -4.126848 -1.184207
5.824740 -4.343297 -1.677098
5.841240 -2.833447 -1.368276
5.857630 -1.050288 -1.233349
5.874430 1.273105 -1.001249
5.896940 2.612238 0.444960
5.907270 1.166042 0.998438
5.923720 -0.062457 1.392943
5.945400 -1.539280 1.258487
5.956600 -4.088065 -0.058456
5.972940 -5.331614 -1.268598
5.989470 -4.572269 -2.612274
6.006690 -3.791881 -1.414070
6.022310 -1.983585 0.174805
6.038360 -0.559443 1.228528
6.055060 -0.233933 2.631237
6.071590 0.048137 2.202024
6.087770 1.296325 0.791192
6.104360 0.310864 0.079903
6.120610 -0.667377 -0.090544
6.136800 -3.029604 -0.096364
6.153360 -5.287838 0.296028
6.169900 -5.942470 -2.059055
6.186350 -5.948107 -4.061966
6.202750 -4.589962 -4.736926
6.222300 -1.835357 -4.647966
6.235620 1.552265 -2.872515
6.252160 1.650525 1.424313
6.268540 2.554082 3.797338
6.284910 2.953886 3.502525
6.301410 3.305624 1.306678
6.317790 3.220446 4.751175
6.335730 4.192267 6.614453
6.350660 3.809452 16.288661
6.366980 2.915243 26.010191
6.383360 1.123974 31.046429
6.400110 -3.218655 29.535056
6.416490 -3.222522 22.360484
6.442620 -1.277051 13.771428
6.456870 1.275567 6.336552
6.465300 2.364378 1.339952
6.481980 2.471092 -3.885165
6.498710 -0.058988 -1.204842
6.514880 -1.849719 -2.409337
6.531570 -4.152067 -3.078301
6.564380 -5.474948 -2.706085
6.580610 -3.182794 -1.191972
6.597150 -1.743259 0.884260
6.613540 -9.429291 3.901795
6.629900 -6.533489 4.462280
6.662690 15.375797 1.126698
6.679510 39.230081 -6.102413
6.695480 59.010623 -6.782152
6.711990 65.207976 -7.943188
6.728520 56.976432 -8.776580
6.745560 36.752481 -4.836368
6.771820 11.045801 1.316313
6.777430 -9.644004 5.548303
6.794000 -7.205671 3.560622
6.810490 -0.517816 2.049553
6.827340 -0.505866 3.653219
6.843680 1.915099 5.907362
6.860090 3.042189 1.449439
6.879820 3.855384 -0.225829
6.909460 3.265525 -0.639006
6.925830 1.170458 2.063954
6.942330 1.255293 -1.485744
6.958680 0.628338 -13.738616
6.975090 18.129550 -19.509006
6.995120 -2.550325 -33.165738
7.007890 -37.006143 -45.613312
7.024040 -70.222783 -49.344828
7.040630 -90.018160 -43.687188
