0.000000 66.169953 33.569764
0.016490 51.379737 27.943792
0.033010 26.405959 16.372275
0.049370 0.414744 2.557440
0.065710 -14.358399 -4.976479
0.082080 -0.008162 1.235514
0.098450 -1.516024 0.315543
0.114890 -2.610874 -0.753163
0.131280 -4.706304 -2.266004
0.147530 -4.141021 -2.139052
0.187960 -1.273694 -0.778008
0.198900 2.723603 0.030774
0.213440 5.255527 1.501287
0.230000 3.884556 4.842288
0.246500 0.646915 7.489426
0.262880 -3.079274 6.273607
0.279380 -5.608613 3.066545
0.297710 -11.480919 1.190877
0.312250 -7.455729 -0.591247
0.328480 6.957034 -6.080462
0.345040 21.883084 -9.415990
0.361670 32.580978 -13.276937
0.378160 36.781458 -13.671397
0.394740 34.046320 -12.795868
0.410830 23.932731 -10.036896
0.428080 8.824092 -3.440066
0.443840 -3.604083 2.849445
0.460210 -4.794873 5.581767
0.476750 -4.234880 5.889909
0.493200 -5.433327 6.162387
0.513680 -2.891627 2.261502
0.525790 -0.397325 1.031650
0.542010 2.060742 -0.669007
0.558660 1.722356 -1.109830
0.575050 -0.067345 -1.142788
0.591540 -3.041381 -0.579032
0.607920 -2.970960 0.122030
0.624420 -0.635317 0.360725
0.640980 1.855530 0.221541
0.657490 5.931340 -0.778625
0.673960 5.871488 -1.475054
0.690360 12.432117 -2.215805
0.706940 3.006591 -2.357404
0.723130 -19.657249 -2.928899
0.739180 -42.422322 -4.280008
0.755560 -55.509721 -4.190391
0.772130 -58.558306 -2.779012
0.788620 -48.798393 -0.536759
0.805120 -29.343904 0.902126
0.821830 -7.996675 1.874886
0.839670 8.142143 2.289935
0.854410 2.135065 0.870407
0.870790 -2.363110 -1.447214
0.887160 -5.928963 -2.957286
0.936820 -4.845451 -2.407603
0.969390 -0.965892 -2.040677
0.985770 3.475905 -0.524953
1.018630 7.849430 0.949225
1.035020 9.413889 1.941842
1.051750 9.239049 2.954798
1.067820 7.049328 1.256533
1.084330 4.802419 -1.284318
1.100690 3.040933 -3.896891
1.117210 4.237759 -5.152490
1.133530 1.781882 -4.889673
1.150000 -0.587189 -3.430520
1.167540 -2.128197 -2.225348
1.182880 -3.103049 -0.503701
1.199580 -2.345641 2.440657
1.215760 -2.517818 5.339497
1.236400 -0.989060 5.799644
1.265170 -9.204703 3.740428
1.282480 -4.843440 1.332755
1.298010 15.247775 -0.771201
1.314550 36.164323 -1.725757
1.330920 53.711134 -2.071988
1.365490 59.691953 -1.435388
1.396220 51.359385 -0.031354
1.400860 34.620121 -0.329052
1.412740 13.684052 -3.099221
1.429240 -3.385193 -3.269557
1.445610 -0.182596 -1.151248
1.461990 1.185706 1.299943
1.478470 -0.782120 3.203158
1.494940 -1.155074 3.402855
1.511360 -3.853484 3.393661
1.527730 -4.433584 2.958301
1.544230 -3.041237 2.061301
1.561110 -2.373570 1.182725
1.577470 -1.870194 0.899033
1.593960 -0.680230 1.151133
1.614580 0.677500 -0.201301
1.626500 1.078365 -1.001891
1.659380 1.928922 2.215967
1.675870 5.297564 3.519269
1.693070 4.501124 11.061430
1.714420 0.772619 17.582158
1.725030 -3.491273 20.313099
1.741440 -7.173244 18.584222
1.758020 -7.384135 13.697676
1.774340 -6.197574 7.244607
1.790780 -2.164211 3.272619
1.807160 3.035394 0.893245
1.827200 5.659438 -1.158592
1.840150 2.741571 1.591614
1.856480 0.819569 -0.948347
1.872850 0.057023 -3.640079
1.889560 -1.793914 -1.826994
1.906060 -1.104524 0.393816
1.922440 -0.764671 2.711323
1.955020 0.596559 3.939236
1.971610 0.739808 3.079500
2.004420 1.555485 0.367935
2.020720 2.750275 0.273631
2.053730 3.576246 1.345488
2.070040 2.632712 1.670875
2.103050 1.683361 4.495563
2.122810 1.424525 3.327468
2.152300 -1.807088 3.348136
2.168750 -1.057103 1.646061
2.201660 0.059394 -5.513532
2.218040 1.498710 -8.876014
2.234410 2.376299 -15.967271
2.250920 1.902214 -24.121939
2.267040 2.219198 -27.286908
2.283440 0.949359 -23.611764
2.299790 -1.663088 -17.040159
2.316470 -2.518194 -7.740390
2.333220 -1.621908 -2.962591
2.349360 -1.729678 -1.512286
2.375560 -0.839872 0.404827
2.382090 1.598646 -3.856812
2.398660 3.095987 -2.878915
2.415030 3.234170 -2.135266
2.431810 2.135272 -0.246089
2.447900 0.395550 2.474117
2.464270 -1.208862 3.642726
2.480690 1.171414 4.630510
2.497340 0.653394 2.724100
2.513770 -16.908626 9.950236
2.530020 -38.889037 21.912020
2.546520 -55.364481 33.635199
2.563140 -62.514272 36.501746
2.595760 -56.621695 31.958243
2.612150 -40.481180 20.461575
2.628410 -17.122925 6.372273
2.644780 2.792279 -4.996797
2.661840 8.057092 -11.621102
2.677980 4.145727 -3.560857
2.696670 3.856978 0.965967
2.710690 0.762604 2.395095
2.727300 -1.215869 2.008132
2.743760 -1.166056 2.429478
2.760020 -1.141732 1.350502
2.776520 0.945969 0.441115
2.793090 1.573059 -1.537459
2.809180 0.374839 4.671582
2.825770 -1.627658 0.616849
2.842330 -3.906615 -15.245996
2.858640 -4.032627 -30.628418
2.875020 -1.438542 -39.953987
2.891830 -0.706604 -41.858395
2.908110 0.837255 -34.067960
2.924170 1.409750 -18.955754
2.940580 0.726863 -2.626862
2.957100 0.164736 8.749602
2.973930 1.355129 3.421592
2.990050 2.004416 0.878865
3.006290 2.775851 0.143244
3.023290 2.183987 -0.933913
3.039230 0.654919 -1.630543
3.055720 -1.300101 -1.346109
3.072100 -5.813970 -0.607333
3.088600 -2.699953 0.483306
3.104980 -7.484602 1.531464
3.121470 9.513757 2.207812
3.137810 34.001361 1.702925
3.154230 55.362567 0.760849
3.170730 64.059972 0.037048
3.187370 58.693030 -0.889772
3.203990 41.168528 -2.196898
3.220130 17.545220 -3.017287
3.247060 -0.914792 -2.264426
3.253760 -13.122334 -0.256669
3.269220 -2.476785 1.577922
3.285730 0.768859 2.647636
3.304360 1.132463 2.517191
3.318890 -0.075598 1.893262
3.335170 -2.467512 -0.046876
3.353790 -2.614602 -0.010741
3.384400 -0.823760 2.256311
3.401090 2.629268 4.381491
3.419470 5.513802 6.261420
3.433780 5.626690 5.659292
3.450150 3.121161 3.012057
3.466320 -0.338815 -0.165475
3.483030 -2.317590 -2.353477
3.499400 -2.594694 -4.127828
3.515900 -0.286487 -3.859947
3.532350 2.112473 -3.464751
3.548750 3.321101 -7.760070
3.572160 2.436361 -3.307415
3.581340 0.733545 9.657574
3.597850 1.068433 23.893063
3.614220 2.063630 33.955472
3.630730 -0.227231 37.289763
3.646980 -4.301007 32.700041
3.663720 -4.383935 21.711050
3.683560 -3.052779 8.788806
3.696340 -1.071000 -0.868763
3.712840 0.858459 1.815851
3.729550 2.644860 2.825174
3.746050 4.040883 0.056489
3.762130 1.032694 -0.277293
3.778630 -2.797455 -0.303732
3.794930 -4.465391 -0.254138
3.811500 -2.953016 -1.780147
3.827910 -3.426884 -1.045953
3.844310 -3.702076 1.327916
3.861080 -0.616791 1.734183
3.877460 2.200458 0.247798
3.902160 2.682000 5.051409
3.916900 0.699133 2.621755
3.926340 2.021985 -11.832556
3.942710 3.873911 -27.646173
3.959260 4.546731 -38.578747
3.975760 4.889742 -38.703307
3.992450 5.283032 -32.357946
4.011300 5.868582 -18.995766
4.024960 1.602775 -3.046811
4.041340 -1.756836 7.206743
4.057840 -3.049436 3.414943
4.074220 -3.324120 -0.428894
4.091050 -4.019437 0.186811
4.107450 -2.740230 0.947445
4.123720 -0.418393 2.104421
4.140220 1.649339 2.870153
4.173410 3.021700 2.734312
4.189340 4.887878 0.818604
4.229670 2.902053 -0.394241
4.238720 -3.452281 1.266050
4.254970 -11.012114 2.507817
4.271340 -15.113728 2.619445
4.287960 -17.742395 1.335465
4.321080 -15.873127 0.984018
4.338670 -9.379784 -0.086513
4.353610 -1.516621 0.216202
4.369980 3.894724 1.913811
4.386360 3.168119 2.212501
4.403020 1.861618 3.087814
4.419550 0.611704 2.029310
4.436040 0.266333 0.809393
4.468500 -0.835742 -0.232356
4.484990 -0.869115 -2.192746
4.501300 -2.816358 -3.755086
4.517880 -4.068462 -4.605172
4.536300 -2.968230 -5.727050
4.567130 -1.304309 -5.022231
4.583620 0.767449 -0.800988
4.616490 3.444785 0.711814
4.632880 3.779249 0.923737
4.669730 0.771543 0.389549
4.682080 -1.906150 -0.775073
4.714970 -2.743300 -1.821472
4.731340 -1.413140 -3.889057
4.748220 0.130530 -3.734297
4.764460 -0.129975 -1.473787
4.781090 -0.621222 0.475001
4.796890 -0.363037 0.305558
4.813460 -0.461232 1.254917
4.830210 2.982113 0.494682
4.846690 6.182503 1.036040
4.863190 -0.445836 1.464576
4.885420 -2.184575 2.765566
4.895720 -19.003424 4.669879
4.911980 -39.122227 5.254407
4.928480 -52.903461 4.149753
4.944970 -54.588919 1.824522
4.961350 -45.006407 0.265854
4.978170 -28.397364 -0.485469
4.994160 -12.602237 0.866027
5.010710 0.112396 1.740749
5.027080 10.155837 2.613890
5.043460 2.592509 2.420127
5.059960 0.726614 1.012281
5.076610 0.455349 -0.345518
5.100650 -2.598013 -1.655270
5.110940 -6.045375 -3.032268
5.125690 -8.764055 -4.075818
5.142070 -8.523433 -3.000015
5.158610 -6.218195 -1.353592
5.175320 -3.678398 0.572588
5.191660 -0.281647 1.765651
5.216880 3.025907 3.079011
5.224220 5.286355 4.044868
5.240720 2.879004 3.199132
5.257090 2.191838 2.145201
5.273470 2.637965 1.405817
5.289970 0.724160 0.862366
5.306340 -1.750833 -0.796397
5.322790 -3.191018 -2.703060
5.339230 -2.864718 -0.242222
5.355740 -3.392135 -1.382500
5.372270 -2.387141 8.504002
5.405070 1.233519 21.026557
5.430810 7.673475 31.212925
5.438670 9.127790 33.921174
5.454200 5.365492 28.451613
5.470780 0.804243 16.305533
5.487310 -3.110378 5.060664
5.503590 -5.146540 -1.598979
5.520340 -5.552290 -4.284011
5.539780 0.469881 5.130933
5.553010 4.700491 5.297836
5.569370 3.931286 1.713028
5.585880 1.327925 0.406480
5.602260 -1.271850 -2.598705
5.618640 -2.000123 -3.211191
5.635140 -1.868867 -2.580462
5.651300 -0.376648 -1.096379
5.668010 -0.032300 0.289470
5.700830 -1.275542 0.537188
5.717050 -3.073827 0.295177
5.757010 -2.529440 0.468975
5.766460 -0.661754 0.968800
5.783020 1.257249 -0.578143
5.799400 1.754684 -1.096428
5.815820 -0.846976 -3.472522
5.832250 -2.442865 -2.947648
5.848740 -4.358591 -2.030548
5.867900 -2.840316 -0.935610
5.881340 1.372285 2.008252
5.897830 2.182353 2.446709
5.914380 -3.707718 2.790092
5.930910 -2.470924 2.307739
5.947110 8.322484 -0.806351
5.963780 19.244177 -1.347519
5.980070 37.075914 -2.772098
5.997210 49.906658 -3.119993
6.012820 53.975543 -1.995457
6.029530 45.883111 -0.533701
6.046580 28.714865 -1.672563
6.067700 12.208229 -0.113613
6.094850 6.275722 -0.110469
6.111320 0.359927 -0.977374
6.127810 -5.736544 -2.497126
6.144540 -2.237242 -3.690697
6.160870 -2.015008 -1.262559
6.177400 0.331491 0.472162
6.202530 1.976965 2.099017
6.210310 2.575263 2.412687
6.243180 2.133879 0.790265
6.259530 1.235272 -2.733951
6.275930 1.088640 -3.616976
6.292370 1.014236 -1.968308
6.308570 1.922779 -0.566280
6.341320 2.620435 0.308342
6.357820 2.812718 -0.175558
6.374070 1.452933 0.152827
6.390900 -0.688821 -0.454185
6.413650 -0.859312 0.121122
6.423420 -1.567761 2.139520
6.439980 -1.624533 2.456089
6.456280 -1.539885 5.767320
6.472860 0.718634 2.036600
6.489360 2.218544 -10.709024
6.505930 3.282531 -25.244661
6.523030 3.596866 -35.680895
6.538460 3.612200 -36.801880
6.554840 3.694964 -28.375407
6.571340 1.145382 -14.193944
6.588030 -1.220633 0.506000
6.604220 -4.396007 10.925302
6.620700 -5.049389 7.655650
6.639320 -5.110829 1.960581
6.653260 -3.401079 0.516626
6.669940 -0.480395 0.240540
6.686480 1.726331 1.832519
6.702940 2.200008 1.768139
6.719490 0.315169 0.737289
6.741020 -0.914650 -0.199568
6.752320 -1.607969 -0.126192
6.768810 -0.744349 -0.532465
6.785300 0.225062 -0.296801
6.801660 1.649053 -0.286905
6.817940 0.890672 -1.496718
6.834540 -0.004283 -2.313557
6.854640 -0.197173 -2.189495
6.867350 -0.476756 -2.230681
6.883440 -0.939779 -1.699553
6.900110 -1.400972 -1.830276
6.916630 -0.687880 -0.993638
6.933410 0.631392 -0.955693
6.961780 -1.556198 -1.383167
6.967430 1.380449 -2.300080
6.981940 8.773173 -3.596602
6.998470 14.594047 -5.322763
7.015300 42.411333 -1.458322
7.033610 17.626975 -4.767500
7.047990 -30.235430 -10.728455
7.069180 -77.500823 -15.583301
7.080750 -108.268229 -19.274069
