0.000000 287.935200 574.245000
0.016740 383.779200 676.651500
0.032880 427.459200 552.720000
0.049120 427.022400 551.250000
0.065750 311.505600 558.264000
0.081680 308.968800 446.575500
0.098280 311.690400 451.605000
0.114900 286.120800 506.772000
0.131210 371.095200 562.275000
0.148570 373.027200 564.910500
0.164090 271.639200 431.329500
0.180500 284.508000 502.089000
0.196870 288.523200 506.898000
0.213820 441.856800 562.894500
0.230060 375.782400 549.475500
0.246370 374.052000 547.596000
0.262710 389.877600 618.093000
0.279130 395.606400 545.632500
0.312330 382.149600 462.556500
0.328480 409.802400 478.033500
0.344910 411.852000 481.687500
0.367600 374.791200 460.215000
0.377760 390.499200 433.975500
0.394130 390.986400 435.624000
0.410630 396.916800 426.541500
0.427020 392.414400 522.606000
0.443820 392.011200 521.094000
0.460240 441.117600 457.422000
0.485410 408.004800 470.967000
0.493100 406.190400 467.848500
0.509190 401.032800 393.876000
0.525670 421.058400 507.979500
0.542360 419.328000 504.976500
0.558670 443.251200 487.410000
0.574890 435.573600 489.667500
0.608410 433.893600 471.670500
0.624480 434.431200 401.194500
0.657070 417.664800 449.326500
0.673780 438.648000 450.901500
0.696330 437.035200 447.741000
0.706530 391.608000 430.405500
0.722750 147.890400 117.316500
0.739410 150.477600 121.716000
0.755910 869.769600 643.870500
0.772130 828.643200 668.724000
0.788790 828.391200 669.795000
0.806080 1121.836800 855.897000
0.821730 1174.790400 705.526500
0.837750 1175.882400 705.474000
0.854130 1099.644000 746.088000
0.870790 1088.102400 802.945500
0.887330 1088.724000 801.255000
0.903750 1140.921600 830.907000
0.919820 1251.348000 902.370000
0.936340 1250.928000 902.758500
0.952760 1157.520000 920.115000
0.969070 1147.204800 852.222000
0.985750 1144.298400 855.676500
1.002350 1169.431200 876.519000
1.022060 1154.781600 943.372500
1.035250 1156.209600 942.154500
1.051240 1198.814400 907.746000
1.067730 1182.300000 920.461500
1.084460 1184.971200 918.361500
1.100950 1135.881600 944.317500
1.117320 1180.771200 895.261500
1.138200 1180.351200 895.440000
1.150040 1195.521600 922.698000
1.166240 1186.920000 899.482500
1.182740 1186.264800 900.175500
1.199110 1148.784000 937.345500
1.215740 1167.532800 848.148000
1.242100 1165.869600 850.038000
1.248320 1196.025600 891.135000
1.264820 1168.893600 862.963500
1.281250 1170.355200 861.388500
1.297740 1198.999200 828.250500
1.322420 1286.930400 899.745000
1.330980 1283.553600 901.624500
1.346910 1278.060000 884.247000
1.363510 1259.025600 949.210500
1.379880 1258.555200 949.914000
1.396450 1079.685600 810.925500
1.413100 1081.668000 731.314500
1.429440 1081.449600 730.086000
1.445790 776.126400 855.582000
1.462980 722.299200 771.739500
1.494860 714.252000 781.746000
1.511410 735.117600 824.302500
1.528020 736.008000 827.683500
1.544780 752.707200 836.020500
1.574100 746.860800 760.735500
1.577930 747.364800 760.462500
1.593400 593.880000 711.259500
1.609880 717.175200 694.291500
1.626250 713.882400 686.521500
1.642900 429.542400 498.991500
1.659440 423.091200 423.654000
1.692150 343.442400 468.058500
1.708500 359.301600 310.012500
1.724870 361.569600 314.559000
1.741560 422.016000 311.787000
1.758100 388.920000 442.176000
1.774260 387.828000 439.372500
1.790590 364.156800 487.966500
1.807040 352.716000 468.888000
1.823520 348.986400 463.638000
1.840030 352.766400 437.052000
1.856600 331.346400 374.934000
1.872970 329.834400 373.065000
1.899080 370.524000 491.526000
1.905470 387.290400 480.711000
1.922030 392.918400 489.394500
1.938840 281.064000 682.720500
1.954990 252.688800 661.038000
1.971590 251.176800 659.872500
1.987900 268.800000 682.773000
2.006960 293.529600 715.018500
2.020980 290.875200 712.656000
2.036990 315.907200 769.965000
2.053380 296.116800 724.920000
2.070180 298.435200 726.967500
2.086440 303.021600 798.777000
2.102970 361.636800 820.144500
2.135700 341.191200 811.818000
2.152240 357.487200 816.795000
2.168760 359.066400 817.824000
2.185210 330.842400 834.414000
2.202260 327.616800 823.294500
2.225190 325.382400 821.646000
2.234240 294.890400 766.594500
2.250610 326.020800 794.346000
2.266980 322.896000 791.668500
2.283830 326.877600 787.878000
2.300200 306.902400 803.386500
2.316510 304.298400 801.475500
2.337750 370.658400 731.818500
2.349470 375.698400 758.520000
2.365660 374.824800 758.089500
2.381850 343.240800 759.958500
2.398700 349.524000 724.017000
2.415190 355.891200 730.296000
2.431270 347.407200 789.432000
2.447720 368.944800 801.643500
2.464070 374.774400 806.274000
2.480530 366.156000 804.079500
2.497130 404.443200 805.801500
2.513720 405.064800 806.557500
2.530110 385.240800 807.376500
2.553310 384.787200 817.183500
2.562850 382.771200 815.493000
2.579150 380.604000 756.231000
2.595600 464.066400 820.638000
2.611920 463.629600 819.903000
2.628400 483.302400 679.465500
2.645200 516.885600 696.612000
2.662060 514.516800 693.189000
2.677750 510.283200 743.148000
2.694120 500.152800 677.082000
2.727140 496.137600 760.851000
2.743710 492.273600 712.309500
2.770870 493.768800 714.462000
2.776150 478.632000 727.387500
2.792770 475.406400 665.973000
2.809070 476.952000 668.304000
2.825640 482.193600 687.120000
2.847520 494.844000 701.830500
2.876910 461.210400 659.505000
2.891390 473.944800 683.970000
2.924130 366.844800 637.843500
2.940640 444.460800 721.392000
2.957020 440.748000 716.950500
2.973390 391.255200 691.519500
2.989810 376.185600 664.849500
3.006270 378.151200 667.107000
3.022960 387.928800 723.786000
3.039140 424.704000 725.172000
3.072250 399.789600 718.956000
3.104510 419.865600 684.043500
3.108490 423.746400 688.863000
3.121250 390.616800 678.772500
3.137740 394.212000 623.017500
3.154110 392.280000 620.476500
3.170610 430.214400 721.245000
3.186980 428.769600 661.636500
3.203260 428.265600 660.576000
3.219790 481.622400 683.844000
3.236250 521.136000 755.559000
3.252560 518.666400 752.871000
3.269290 518.380800 718.032000
3.285780 516.280800 625.968000
3.301970 517.137600 627.186000
3.318370 428.148000 590.205000
3.334850 391.725600 591.811500
3.351230 394.178400 595.581000
3.368120 393.019200 590.614500
3.384380 404.208000 627.700500
3.400770 406.089600 630.189000
3.426930 391.809600 639.187500
3.434420 393.439200 533.893500
3.449840 394.816800 535.405500
3.466370 413.683200 672.798000
3.486340 417.446400 650.779500
3.499440 414.304800 646.884000
3.515930 440.664000 628.887000
3.535550 470.752800 550.966500
3.548510 467.359200 544.897500
3.564850 405.014400 508.431000
3.581220 380.956800 542.304000
3.597720 380.990400 542.367000
3.614090 410.844000 563.419500
3.630600 496.860000 645.498000
3.646970 496.540800 644.553000
3.663540 596.635200 470.148000
3.679840 546.134400 549.916500
3.696470 546.588000 551.575500
3.713070 579.012000 580.597500
3.729220 569.301600 545.223000
3.762120 609.184800 531.226500
3.778350 631.512000 508.557000
3.794850 633.259200 514.668000
3.811550 619.466400 662.560500
3.828080 607.807200 677.638500
3.844420 607.706400 676.714500
3.866230 682.063200 708.876000
3.877120 619.701600 686.353500
3.893220 618.744000 684.043500
3.909710 611.906400 564.070500
3.926090 615.316800 505.480500
3.942730 613.603200 500.902500
3.959210 604.884000 611.877000
3.975590 624.103200 613.210500
3.991970 625.900800 618.324000
4.008350 630.184800 651.661500
4.024920 630.100800 634.326000
4.041210 631.898400 639.387000
4.057720 608.277600 563.472000
4.081920 668.623200 573.027000
4.106960 634.418400 565.803000
4.123310 601.708800 566.002500
4.140200 601.624800 564.711000
4.156590 634.704000 575.116500
4.172970 641.256000 635.082000
4.191040 640.382400 632.520000
4.205470 606.194400 578.445000
4.222170 624.859200 620.235000
4.238360 624.943200 621.201000
4.254850 627.580800 591.339000
4.271240 635.342400 681.093000
4.287860 636.249600 683.445000
4.304080 661.651200 700.833000
4.320360 582.254400 586.729500
4.336850 582.271200 586.792500
4.353290 529.989600 613.494000
4.369780 568.864800 606.028500
4.386230 567.487200 602.301000
4.409420 536.978400 566.233500
4.419370 546.050400 567.892500
4.437620 544.807200 565.078500
4.451970 540.204000 536.077500
4.468220 528.024000 644.290500
4.484710 528.393600 645.351000
4.501360 562.027200 540.004500
4.518420 539.784000 580.356000
4.534070 541.077600 583.149000
4.550340 529.284000 573.069000
4.567140 547.730400 589.984500
4.583660 547.764000 590.047500
4.600170 620.104800 662.224500
4.616460 562.312800 631.753500
4.633760 561.136800 629.244000
4.649120 515.239200 625.726500
4.665510 571.082400 551.859000
4.681980 570.880800 550.620000
4.698700 554.265600 560.626500
4.715190 553.610400 538.566000
4.733760 553.593600 538.503000
4.747940 561.170400 602.994000
4.764040 520.548000 566.779500
4.780690 520.833600 567.966000
4.797000 537.784800 656.334000
4.813570 596.635200 621.715500
4.830180 597.676800 624.340500
4.846300 573.316800 592.326000
4.862690 563.925600 498.004500
4.879090 564.916800 499.569000
4.895610 592.317600 622.797000
4.912320 592.200000 688.674000
4.928730 589.948800 683.056500
4.954240 562.077600 604.233000
4.962220 548.536800 570.748500
4.977910 547.108800 567.514500
4.994280 518.397600 540.393000
5.019620 489.333600 556.500000
5.026810 486.696000 552.142500
5.043180 378.134400 358.669500
5.065050 410.743200 352.485000
5.076490 413.145600 358.386000
5.092710 399.890400 382.011000
5.109090 415.094400 397.572000
5.125490 416.673600 399.976500
5.142000 410.020800 377.433000
5.158370 417.866400 387.387000
5.174800 418.336800 389.098500
5.191250 433.809600 503.821500
5.207750 409.752000 463.585500
5.224500 411.516000 466.714500
5.240830 398.378400 434.364000
5.257080 447.081600 453.883500
5.282790 448.744800 457.201500
5.290160 415.396800 470.179500
5.306200 424.317600 457.096500
5.322710 425.644800 458.692500
5.339200 426.955200 509.323500
5.355770 421.881600 435.802500
5.372130 418.924800 430.741500
5.391510 381.376800 496.030500
5.405210 398.563200 473.298000
5.421390 400.394400 476.416500
5.437760 418.840800 432.106500
5.454250 386.954400 445.189500
5.470630 386.988000 445.263000
5.487270 415.564800 423.507000
5.503450 415.094400 484.942500
5.519850 413.044800 481.320000
5.536210 419.764800 434.847000
5.552660 479.404800 420.052500
5.571080 475.860000 411.201000
5.585630 403.653600 421.060500
5.610920 394.934400 399.367500
5.618590 395.421600 400.942500
5.634640 410.911200 441.168000
5.651200 431.692800 384.604500
5.667740 434.834400 390.306000
5.684430 380.301600 419.716500
5.700620 402.410400 456.004500
5.718890 406.291200 462.924000
5.733520 408.240000 434.500500
5.749970 449.568000 429.187500
5.766270 447.938400 425.733000
5.782760 399.386400 425.764500
5.799260 407.332800 404.785500
5.815780 405.568800 401.352000
5.832080 413.196000 423.507000
5.848590 425.745600 431.382000
5.865080 426.216000 433.062000
5.881560 417.446400 414.718500
5.898190 426.804000 449.137500
5.914250 428.047200 450.838500
5.938160 413.733600 436.611000
5.947240 419.311200 428.242500
5.963260 421.041600 431.623500
5.979830 423.427200 469.434000
5.996550 423.040800 451.794000
6.012940 421.276800 448.455000
6.029400 452.155200 435.697500
6.049440 411.028800 437.251500
6.078540 404.342400 442.060500
6.094830 416.337600 479.188500
6.111210 414.590400 476.070000
6.127900 430.567200 438.753000
6.144410 416.640000 419.202000
6.176740 421.848000 438.784500
6.193480 412.154400 400.953000
6.226720 435.237600 426.090000
6.242940 421.394400 433.146000
6.268950 421.864800 434.784000
6.275600 486.830400 387.933000
6.291950 524.428800 446.964000
6.308320 524.462400 447.048000
6.325150 475.675200 453.012000
6.341550 501.698400 439.540500
6.357890 501.446400 437.934000
6.379880 504.705600 395.598000
6.390440 517.036800 406.801500
6.407010 514.164000 399.357000
6.423320 511.509600 401.488500
6.439820 473.978400 409.815000
6.456450 472.886400 408.061500
6.472820 480.715200 351.015000
6.489290 485.083200 422.499000
6.505520 486.141600 424.263000
6.521970 453.129600 406.602000
6.540600 508.032000 434.721000
6.554950 510.904800 441.703500
6.571150 480.799200 454.849500
6.620480 406.190400 869.568000
6.637100 370.641600 875.773500
6.653660 373.027200 878.713500
6.671980 545.983200 615.982500
6.686360 544.353600 515.266500
6.719090 556.315200 469.119000
6.735460 541.531200 468.993000
6.751950 541.161600 465.570000
6.768340 443.436000 458.829000
6.785680 527.688000 484.911000
6.817690 508.317600 435.319500
6.833880 529.603200 464.110500
6.850310 530.023200 467.533500
6.867100 515.659200 434.437500
6.883590 566.714400 430.132500
6.900180 567.890400 433.671000
6.923260 533.769600 406.108500
6.932570 573.048000 433.639500
6.949070 572.695200 429.922500
6.965440 560.380800 453.012000
6.982300 533.282400 419.937000
6.998670 530.812800 416.178000
7.014860 538.742400 469.644000
7.031130 550.233600 440.044500
7.047700 549.712800 436.495500
7.064130 510.148800 352.023000
7.080610 538.188000 454.944000
7.113910 547.461600 428.694000
7.129840 540.405600 433.030500
7.146180 538.238400 429.492000
